,years_experience,degree,nr_commits,nr_languages,nr_stars
0,3.0,2.0,3035.0,3.0,12.0
1,4.0,0.0,4043.0,1.0,17.0
2,5.0,0.0,5058.0,2.0,19.0
3,2.0,0.0,21.0,10.0,1.0
4,6.0,3.0,6064.0,7.0,16.0
5,8.0,2.0,8087.0,2.0,13.0
6,4.0,0.0,4045.0,6.0,17.0
7,3.0,2.0,3033.0,3.0,13.0
8,1.0,0.0,14.0,0.0,1.0
9,1.0,3.0,1016.0,4.0,12.0
10,4.0,3.0,4041.0,10.0,15.0
11,4.0,0.0,4043.0,4.0,12.0
12,4.0,0.0,45.0,0.0,5.0
13,5.0,2.0,5056.0,2.0,12.0
14,2.0,0.0,24.0,5.0,3.0
15,3.0,0.0,3036.0,3.0,11.0
16,1.0,2.0,1012.0,3.0,16.0
17,3.0,2.0,3032.0,6.0,16.0
18,2.0,0.0,25.0,3.0,1.0
19,5.0,0.0,5058.0,5.0,15.0
20,2.0,3.0,2021.0,3.0,12.0
21,1.0,2.0,1015.0,2.0,18.0
22,6.0,0.0,6066.0,3.0,16.0
23,2.0,0.0,25.0,13.0,0.0
24,3.0,2.0,3036.0,7.0,11.0
25,6.0,2.0,6061.0,3.0,10.0
26,1.0,2.0,13.0,3.0,3.0
27,4.0,1.0,4052.0,2.0,16.0
28,3.0,1.0,3031.0,2.0,15.0
29,5.0,0.0,5051.0,4.0,14.0
30,3.0,0.0,3034.0,1.0,12.0
31,3.0,1.0,3039.0,15.0,16.0
32,4.0,3.0,4041.0,4.0,12.0
33,4.0,0.0,4046.0,6.0,13.0
34,5.0,2.0,5053.0,6.0,15.0
35,3.0,3.0,3034.0,4.0,19.0
36,2.0,2.0,2026.0,3.0,16.0
37,0.0,0.0,6.0,0.0,4.0
38,4.0,1.0,4046.0,7.0,14.0
39,4.0,2.0,4043.0,8.0,16.0
40,7.0,2.0,7073.0,6.0,12.0
41,3.0,2.0,3038.0,4.0,15.0
42,7.0,1.0,7074.0,4.0,11.0
43,2.0,1.0,26.0,5.0,1.0
44,6.0,3.0,6067.0,3.0,13.0
45,1.0,1.0,13.0,9.0,2.0
46,4.0,0.0,4044.0,6.0,11.0
47,2.0,1.0,29.0,5.0,3.0
48,1.0,2.0,12.0,2.0,1.0
49,3.0,0.0,3031.0,4.0,14.0
50,1.0,1.0,15.0,5.0,5.0
51,4.0,2.0,4041.0,4.0,11.0
52,6.0,2.0,6064.0,3.0,17.0
53,7.0,2.0,7077.0,18.0,15.0
54,2.0,1.0,23.0,2.0,2.0
55,3.0,1.0,3034.0,4.0,17.0
56,2.0,0.0,24.0,3.0,6.0
57,2.0,1.0,2022.0,9.0,13.0
58,0.0,2.0,4.0,2.0,3.0
59,2.0,0.0,21.0,8.0,4.0
60,3.0,1.0,3034.0,14.0,11.0
61,3.0,0.0,35.0,1.0,0.0
62,2.0,0.0,23.0,0.0,3.0
63,5.0,3.0,5054.0,1.0,16.0
64,5.0,0.0,5053.0,3.0,12.0
65,3.0,0.0,3034.0,3.0,18.0
66,2.0,2.0,2027.0,2.0,12.0
67,4.0,0.0,41.0,4.0,4.0
68,2.0,2.0,2024.0,10.0,13.0
69,5.0,1.0,5054.0,2.0,12.0
70,1.0,2.0,1013.0,2.0,15.0
71,1.0,0.0,17.0,1.0,3.0
72,1.0,0.0,11.0,3.0,9.0
73,2.0,0.0,27.0,6.0,5.0
74,0.0,0.0,4.0,15.0,4.0
75,1.0,3.0,1013.0,5.0,13.0
76,5.0,1.0,5056.0,7.0,18.0
77,2.0,2.0,2024.0,2.0,15.0
78,4.0,1.0,4044.0,3.0,13.0
79,2.0,0.0,23.0,2.0,6.0
80,5.0,3.0,5056.0,10.0,14.0
81,3.0,2.0,3031.0,11.0,13.0
82,7.0,3.0,7074.0,2.0,11.0
83,2.0,0.0,23.0,7.0,9.0
84,7.0,1.0,7074.0,4.0,11.0
85,1.0,0.0,18.0,5.0,5.0
86,0.0,0.0,3.0,6.0,7.0
87,2.0,0.0,22.0,2.0,2.0
88,2.0,0.0,2023.0,7.0,11.0
89,2.0,2.0,2023.0,14.0,16.0
90,1.0,2.0,1012.0,2.0,19.0
91,3.0,2.0,3037.0,4.0,13.0
92,4.0,0.0,4044.0,6.0,14.0
93,6.0,0.0,6062.0,2.0,11.0
94,1.0,0.0,11.0,4.0,6.0
95,3.0,3.0,3035.0,15.0,13.0
96,6.0,1.0,6064.0,5.0,18.0
97,4.0,2.0,4043.0,1.0,13.0
98,0.0,1.0,3.0,2.0,4.0
99,4.0,0.0,4048.0,7.0,10.0
100,2.0,0.0,21.0,4.0,3.0
101,4.0,2.0,4041.0,2.0,14.0
102,1.0,2.0,1013.0,3.0,16.0
103,1.0,3.0,1013.0,9.0,15.0
104,1.0,3.0,1016.0,10.0,16.0
105,1.0,0.0,15.0,2.0,3.0
106,3.0,2.0,3034.0,2.0,12.0
107,6.0,1.0,6061.0,2.0,15.0
108,7.0,2.0,7072.0,5.0,18.0
109,7.0,0.0,7076.0,6.0,14.0
110,3.0,2.0,3034.0,3.0,15.0
111,3.0,2.0,3033.0,6.0,14.0
112,4.0,0.0,4041.0,3.0,12.0
113,5.0,1.0,5052.0,7.0,10.0
114,4.0,2.0,4044.0,6.0,10.0
115,2.0,2.0,2024.0,9.0,11.0
116,3.0,2.0,3039.0,3.0,14.0
117,4.0,1.0,4046.0,2.0,11.0
118,2.0,2.0,2023.0,1.0,15.0
119,3.0,2.0,3032.0,15.0,12.0
120,6.0,2.0,6066.0,6.0,17.0
121,7.0,2.0,7073.0,10.0,15.0
122,5.0,0.0,5056.0,4.0,18.0
123,8.0,1.0,8082.0,6.0,20.0
124,4.0,2.0,4044.0,10.0,11.0
125,4.0,2.0,4042.0,2.0,14.0
126,1.0,1.0,13.0,3.0,3.0
127,13.0,2.0,13135.0,5.0,15.0
128,5.0,2.0,5052.0,5.0,12.0
129,7.0,0.0,7074.0,1.0,13.0
130,1.0,2.0,16.0,2.0,11.0
131,3.0,0.0,31.0,3.0,5.0
132,5.0,2.0,5056.0,3.0,13.0
133,5.0,0.0,5057.0,2.0,12.0
134,2.0,2.0,2026.0,1.0,14.0
135,2.0,1.0,24.0,5.0,3.0
136,5.0,2.0,5053.0,5.0,13.0
137,8.0,1.0,8082.0,1.0,15.0
138,2.0,0.0,23.0,4.0,3.0
139,4.0,3.0,4043.0,5.0,11.0
140,1.0,0.0,14.0,3.0,1.0
141,4.0,0.0,4045.0,8.0,12.0
142,3.0,0.0,32.0,3.0,7.0
143,0.0,1.0,3.0,3.0,5.0
144,6.0,1.0,6065.0,4.0,16.0
145,2.0,0.0,26.0,7.0,3.0
146,7.0,0.0,7073.0,2.0,17.0
147,1.0,2.0,12.0,3.0,2.0
148,0.0,0.0,5.0,8.0,7.0
149,4.0,2.0,4044.0,9.0,10.0
150,2.0,1.0,2023.0,10.0,15.0
151,3.0,0.0,3033.0,3.0,13.0
152,4.0,0.0,4046.0,13.0,14.0
153,3.0,0.0,34.0,3.0,3.0
154,2.0,2.0,2024.0,2.0,14.0
155,1.0,1.0,14.0,5.0,1.0
156,2.0,1.0,2028.0,7.0,19.0
157,0.0,0.0,5.0,3.0,4.0
158,2.0,2.0,2023.0,1.0,12.0
159,4.0,0.0,4042.0,15.0,15.0
160,1.0,2.0,1015.0,2.0,13.0
161,5.0,1.0,5052.0,2.0,12.0
162,2.0,2.0,2023.0,3.0,15.0
163,1.0,1.0,16.0,3.0,3.0
164,1.0,0.0,20.0,0.0,2.0
165,2.0,0.0,26.0,7.0,1.0
166,3.0,2.0,3032.0,4.0,12.0
167,3.0,0.0,34.0,5.0,13.0
168,2.0,1.0,23.0,3.0,8.0
169,1.0,1.0,13.0,3.0,3.0
170,6.0,2.0,6062.0,4.0,14.0
171,1.0,2.0,1017.0,5.0,15.0
172,2.0,2.0,2023.0,8.0,12.0
173,4.0,0.0,4043.0,2.0,12.0
174,3.0,2.0,3034.0,2.0,14.0
175,1.0,2.0,1014.0,3.0,14.0
176,1.0,0.0,12.0,2.0,3.0
177,5.0,0.0,5053.0,4.0,13.0
178,2.0,1.0,2023.0,2.0,11.0
179,3.0,2.0,3032.0,1.0,12.0
180,6.0,3.0,6061.0,1.0,17.0
181,6.0,0.0,6066.0,2.0,14.0
182,4.0,0.0,4045.0,6.0,12.0
183,1.0,3.0,1012.0,9.0,14.0
184,3.0,1.0,3037.0,3.0,11.0
185,3.0,1.0,3032.0,13.0,11.0
186,1.0,1.0,11.0,5.0,2.0
187,4.0,0.0,41.0,0.0,7.0
188,5.0,2.0,5057.0,1.0,13.0
189,3.0,0.0,3035.0,2.0,12.0
190,4.0,2.0,4043.0,6.0,20.0
191,1.0,3.0,1014.0,4.0,17.0
192,2.0,1.0,28.0,2.0,2.0
193,5.0,0.0,5053.0,5.0,12.0
194,4.0,2.0,4042.0,8.0,12.0
195,5.0,0.0,5057.0,3.0,14.0
196,2.0,2.0,2024.0,1.0,12.0
197,1.0,0.0,15.0,2.0,8.0
198,3.0,2.0,3034.0,5.0,12.0
199,7.0,2.0,7075.0,7.0,13.0
200,5.0,0.0,5053.0,6.0,11.0
201,1.0,0.0,15.0,2.0,1.0
202,0.0,0.0,3.0,6.0,0.0
203,1.0,0.0,12.0,2.0,3.0
204,2.0,0.0,22.0,7.0,2.0
205,2.0,1.0,2022.0,2.0,11.0
206,2.0,1.0,2025.0,4.0,12.0
207,4.0,0.0,4041.0,4.0,15.0
208,1.0,2.0,1018.0,10.0,16.0
209,3.0,0.0,3033.0,4.0,12.0
210,0.0,0.0,3.0,0.0,4.0
211,3.0,0.0,37.0,0.0,13.0
212,9.0,2.0,9093.0,2.0,11.0
213,3.0,2.0,3033.0,1.0,12.0
214,3.0,0.0,3035.0,1.0,13.0
215,1.0,0.0,15.0,0.0,4.0
216,3.0,2.0,3034.0,14.0,11.0
217,1.0,1.0,15.0,5.0,4.0
218,4.0,2.0,4046.0,1.0,17.0
219,1.0,0.0,15.0,5.0,1.0
220,1.0,2.0,1014.0,1.0,13.0
221,1.0,2.0,1018.0,24.0,24.0
222,1.0,0.0,11.0,7.0,2.0
223,1.0,0.0,12.0,3.0,8.0
224,0.0,2.0,4.0,3.0,16.0
225,1.0,1.0,13.0,2.0,6.0
226,3.0,2.0,3032.0,6.0,14.0
227,2.0,3.0,2021.0,12.0,12.0
228,2.0,1.0,2027.0,1.0,15.0
229,2.0,0.0,28.0,4.0,3.0
230,2.0,2.0,2023.0,6.0,10.0
231,4.0,1.0,4044.0,2.0,13.0
232,1.0,1.0,15.0,1.0,2.0
233,1.0,2.0,1011.0,1.0,10.0
234,6.0,0.0,6062.0,4.0,14.0
235,2.0,2.0,2022.0,6.0,16.0
236,5.0,1.0,5053.0,7.0,13.0
237,2.0,1.0,2020.0,5.0,13.0
238,5.0,1.0,5059.0,2.0,13.0
239,3.0,0.0,35.0,5.0,3.0
240,0.0,0.0,3.0,3.0,2.0
241,2.0,0.0,22.0,9.0,7.0
242,4.0,0.0,42.0,4.0,5.0
243,0.0,0.0,5.0,3.0,1.0
244,3.0,0.0,34.0,2.0,6.0
245,0.0,0.0,6.0,0.0,6.0
246,1.0,1.0,10.0,5.0,11.0
247,2.0,0.0,28.0,6.0,1.0
248,2.0,0.0,23.0,3.0,6.0
249,3.0,0.0,3034.0,7.0,11.0
250,1.0,1.0,14.0,5.0,6.0
251,5.0,2.0,5055.0,2.0,24.0
252,3.0,0.0,36.0,2.0,3.0
253,1.0,1.0,13.0,1.0,4.0
254,2.0,2.0,2023.0,4.0,11.0
255,1.0,1.0,13.0,3.0,1.0
256,0.0,2.0,2.0,10.0,3.0
257,3.0,0.0,3035.0,3.0,14.0
258,6.0,2.0,6066.0,6.0,16.0
259,1.0,0.0,12.0,1.0,3.0
260,3.0,0.0,31.0,13.0,1.0
261,1.0,3.0,1013.0,3.0,11.0
262,1.0,2.0,1012.0,7.0,15.0
263,2.0,3.0,2026.0,3.0,13.0
264,4.0,3.0,4042.0,9.0,12.0
265,7.0,1.0,7073.0,4.0,10.0
266,0.0,1.0,6.0,0.0,4.0
267,3.0,0.0,35.0,6.0,1.0
268,5.0,3.0,5052.0,9.0,12.0
269,3.0,2.0,3032.0,6.0,16.0
270,4.0,1.0,4044.0,8.0,11.0
271,3.0,0.0,32.0,4.0,5.0
272,1.0,2.0,1015.0,5.0,17.0
273,3.0,2.0,3031.0,7.0,13.0
274,4.0,1.0,4043.0,5.0,12.0
275,6.0,2.0,6063.0,5.0,13.0
276,2.0,0.0,29.0,3.0,2.0
277,2.0,0.0,22.0,2.0,5.0
278,2.0,2.0,2021.0,3.0,16.0
279,6.0,2.0,6067.0,5.0,13.0
280,7.0,2.0,7073.0,4.0,14.0
281,2.0,1.0,21.0,2.0,3.0
282,6.0,2.0,6065.0,2.0,12.0
283,5.0,2.0,5056.0,6.0,15.0
284,2.0,2.0,2022.0,9.0,10.0
285,2.0,2.0,2028.0,11.0,12.0
286,2.0,0.0,23.0,3.0,3.0
287,3.0,0.0,31.0,9.0,6.0
288,5.0,2.0,5052.0,1.0,12.0
289,5.0,1.0,5055.0,2.0,11.0
290,3.0,2.0,3034.0,3.0,16.0
291,0.0,0.0,0.0,3.0,1.0
292,6.0,1.0,6066.0,8.0,12.0
293,0.0,0.0,7.0,5.0,3.0
294,3.0,2.0,3035.0,3.0,12.0
295,4.0,1.0,4042.0,3.0,14.0
296,2.0,0.0,21.0,12.0,3.0
297,1.0,1.0,12.0,4.0,7.0
298,4.0,2.0,4040.0,8.0,18.0
299,2.0,2.0,2021.0,3.0,11.0
300,4.0,0.0,4043.0,10.0,11.0
301,6.0,1.0,6065.0,2.0,15.0
302,4.0,1.0,4042.0,1.0,13.0
303,3.0,2.0,3037.0,4.0,12.0
304,1.0,1.0,17.0,12.0,2.0
305,4.0,2.0,4045.0,4.0,15.0
306,1.0,0.0,13.0,11.0,2.0
307,1.0,0.0,14.0,1.0,3.0
308,2.0,0.0,26.0,8.0,8.0
309,1.0,3.0,1015.0,6.0,12.0
310,1.0,0.0,15.0,3.0,5.0
311,3.0,1.0,3035.0,2.0,11.0
312,6.0,0.0,6066.0,3.0,16.0
313,2.0,2.0,2025.0,2.0,14.0
314,9.0,2.0,9100.0,13.0,14.0
315,4.0,2.0,4043.0,6.0,16.0
316,7.0,1.0,7074.0,7.0,15.0
317,0.0,0.0,7.0,5.0,4.0
318,1.0,2.0,1016.0,1.0,14.0
319,5.0,0.0,5054.0,10.0,16.0
320,3.0,0.0,3034.0,1.0,13.0
321,2.0,2.0,2023.0,9.0,16.0
322,2.0,0.0,27.0,3.0,3.0
323,2.0,1.0,2025.0,2.0,12.0
324,2.0,0.0,22.0,4.0,3.0
325,3.0,2.0,3030.0,6.0,14.0
326,1.0,1.0,12.0,1.0,5.0
327,4.0,2.0,4044.0,12.0,12.0
328,3.0,1.0,3034.0,3.0,17.0
329,4.0,0.0,4043.0,1.0,11.0
330,3.0,0.0,33.0,5.0,3.0
331,1.0,1.0,14.0,5.0,4.0
332,1.0,0.0,13.0,5.0,3.0
333,2.0,0.0,22.0,4.0,4.0
334,6.0,0.0,6063.0,5.0,10.0
335,6.0,3.0,6066.0,4.0,15.0
336,2.0,1.0,2024.0,5.0,15.0
337,2.0,2.0,2024.0,1.0,10.0
338,6.0,1.0,6062.0,5.0,14.0
339,2.0,0.0,24.0,1.0,6.0
340,5.0,3.0,5059.0,12.0,15.0
341,4.0,0.0,4044.0,7.0,13.0
342,6.0,3.0,6063.0,9.0,15.0
343,5.0,2.0,5052.0,2.0,16.0
344,2.0,3.0,2027.0,1.0,12.0
345,10.0,0.0,10103.0,3.0,15.0
346,3.0,2.0,3032.0,6.0,16.0
347,3.0,2.0,3033.0,2.0,17.0
348,3.0,2.0,3036.0,7.0,16.0
349,3.0,2.0,3033.0,6.0,13.0
350,3.0,0.0,3031.0,3.0,12.0
351,1.0,2.0,1014.0,4.0,11.0
352,0.0,2.0,6.0,9.0,5.0
353,3.0,0.0,33.0,3.0,1.0
354,2.0,1.0,22.0,10.0,3.0
355,7.0,2.0,7074.0,4.0,13.0
356,5.0,1.0,5053.0,6.0,13.0
357,6.0,2.0,6064.0,1.0,12.0
358,2.0,3.0,2028.0,4.0,15.0
359,4.0,2.0,4048.0,7.0,14.0
360,1.0,2.0,1016.0,7.0,11.0
361,2.0,0.0,24.0,1.0,9.0
362,7.0,3.0,7076.0,2.0,16.0
363,3.0,0.0,3031.0,6.0,15.0
364,3.0,1.0,3033.0,3.0,13.0
365,1.0,0.0,17.0,1.0,11.0
366,5.0,0.0,5054.0,8.0,13.0
367,3.0,2.0,3035.0,3.0,17.0
368,3.0,0.0,3032.0,2.0,16.0
369,5.0,2.0,5052.0,1.0,18.0
370,3.0,0.0,33.0,1.0,2.0
371,3.0,3.0,3034.0,1.0,11.0
372,0.0,3.0,4.0,4.0,13.0
373,2.0,2.0,2022.0,1.0,17.0
374,0.0,1.0,3.0,5.0,7.0
375,4.0,0.0,4044.0,2.0,22.0
376,3.0,2.0,3035.0,1.0,22.0
377,3.0,2.0,3033.0,7.0,17.0
378,7.0,2.0,7075.0,13.0,18.0
379,5.0,0.0,5054.0,2.0,12.0
380,5.0,0.0,5055.0,13.0,10.0
381,1.0,2.0,1018.0,2.0,14.0
382,2.0,2.0,24.0,1.0,7.0
383,4.0,0.0,4043.0,6.0,11.0
384,2.0,2.0,2024.0,4.0,11.0
385,1.0,2.0,1016.0,1.0,16.0
386,2.0,1.0,2026.0,4.0,18.0
387,6.0,2.0,6061.0,4.0,13.0
388,3.0,0.0,3033.0,8.0,16.0
389,1.0,3.0,1010.0,12.0,17.0
390,2.0,0.0,28.0,7.0,1.0
391,1.0,2.0,12.0,1.0,6.0
392,4.0,0.0,4040.0,2.0,12.0
393,2.0,2.0,2024.0,8.0,14.0
394,8.0,0.0,8085.0,1.0,17.0
395,2.0,0.0,25.0,1.0,3.0
396,2.0,2.0,2024.0,6.0,14.0
397,1.0,2.0,14.0,4.0,4.0
398,8.0,2.0,8086.0,8.0,14.0
399,4.0,0.0,4043.0,2.0,11.0
400,4.0,2.0,4049.0,1.0,12.0
401,2.0,2.0,2022.0,9.0,13.0
402,1.0,0.0,15.0,6.0,6.0
403,4.0,2.0,4045.0,10.0,17.0
404,3.0,1.0,3034.0,2.0,15.0
405,4.0,0.0,4044.0,2.0,19.0
406,2.0,2.0,2020.0,2.0,14.0
407,3.0,3.0,3032.0,2.0,14.0
408,2.0,3.0,2023.0,12.0,15.0
409,3.0,0.0,32.0,2.0,8.0
410,3.0,2.0,3038.0,2.0,13.0
411,3.0,0.0,3035.0,13.0,20.0
412,2.0,3.0,2023.0,4.0,20.0
413,0.0,0.0,4.0,5.0,2.0
414,5.0,0.0,5051.0,5.0,10.0
415,5.0,0.0,5056.0,8.0,10.0
416,4.0,2.0,4043.0,2.0,14.0
417,2.0,0.0,23.0,7.0,6.0
418,3.0,0.0,34.0,1.0,2.0
419,2.0,2.0,2021.0,12.0,17.0
420,5.0,1.0,5052.0,4.0,16.0
421,0.0,2.0,7.0,9.0,7.0
422,2.0,2.0,2025.0,2.0,12.0
423,5.0,2.0,5054.0,2.0,14.0
424,3.0,3.0,3033.0,8.0,17.0
425,2.0,0.0,24.0,0.0,12.0
426,2.0,1.0,24.0,2.0,7.0
427,3.0,0.0,33.0,2.0,1.0
428,3.0,2.0,3033.0,4.0,13.0
429,0.0,0.0,2.0,2.0,2.0
430,2.0,1.0,29.0,4.0,2.0
431,4.0,1.0,4041.0,1.0,11.0
432,2.0,0.0,22.0,2.0,11.0
433,1.0,0.0,12.0,7.0,2.0
434,3.0,2.0,3033.0,6.0,10.0
435,2.0,0.0,24.0,4.0,3.0
436,1.0,3.0,1016.0,3.0,12.0
437,0.0,0.0,4.0,3.0,1.0
438,2.0,0.0,23.0,2.0,2.0
439,3.0,0.0,3035.0,4.0,16.0
440,3.0,1.0,3035.0,8.0,12.0
441,8.0,0.0,8082.0,18.0,13.0
442,1.0,3.0,1015.0,2.0,14.0
443,2.0,2.0,2021.0,3.0,11.0
444,6.0,0.0,6066.0,5.0,15.0
445,1.0,0.0,15.0,4.0,2.0
446,6.0,2.0,6063.0,3.0,13.0
447,4.0,1.0,4044.0,2.0,13.0
448,4.0,0.0,4044.0,4.0,12.0
449,1.0,0.0,18.0,2.0,5.0
450,8.0,0.0,8083.0,3.0,18.0
451,1.0,2.0,1019.0,8.0,12.0
452,3.0,1.0,3037.0,6.0,15.0
453,1.0,1.0,1019.0,11.0,14.0
454,2.0,0.0,25.0,2.0,1.0
455,3.0,2.0,3035.0,4.0,20.0
456,1.0,0.0,14.0,1.0,3.0
457,4.0,3.0,4040.0,5.0,17.0
458,1.0,1.0,16.0,3.0,3.0
459,1.0,1.0,13.0,4.0,8.0
460,4.0,2.0,4042.0,3.0,13.0
461,2.0,1.0,2024.0,10.0,12.0
462,5.0,0.0,55.0,13.0,3.0
463,3.0,1.0,3034.0,5.0,15.0
464,2.0,3.0,22.0,2.0,2.0
465,4.0,0.0,4045.0,8.0,13.0
466,1.0,1.0,11.0,2.0,1.0
467,5.0,1.0,5055.0,8.0,12.0
468,3.0,2.0,3033.0,4.0,12.0
469,0.0,2.0,6.0,2.0,1.0
470,5.0,0.0,5052.0,6.0,18.0
471,2.0,0.0,26.0,1.0,2.0
472,3.0,0.0,3035.0,8.0,12.0
473,2.0,0.0,23.0,2.0,6.0
474,2.0,2.0,2023.0,2.0,16.0
475,1.0,0.0,14.0,3.0,1.0
476,2.0,2.0,2022.0,11.0,16.0
477,4.0,0.0,4042.0,3.0,16.0
478,1.0,2.0,1016.0,6.0,16.0
479,2.0,0.0,21.0,0.0,3.0
480,2.0,2.0,2022.0,9.0,16.0
481,2.0,0.0,26.0,1.0,6.0
482,4.0,2.0,4043.0,2.0,16.0
483,1.0,3.0,1016.0,13.0,15.0
484,3.0,0.0,35.0,4.0,1.0
485,5.0,1.0,5056.0,5.0,11.0
486,1.0,0.0,19.0,2.0,7.0
487,9.0,0.0,9094.0,4.0,10.0
488,1.0,2.0,1015.0,5.0,15.0
489,0.0,2.0,2.0,4.0,2.0
490,2.0,1.0,2026.0,6.0,20.0
491,7.0,2.0,7073.0,12.0,11.0
492,3.0,1.0,3036.0,4.0,16.0
493,1.0,2.0,1014.0,3.0,11.0
494,0.0,2.0,8.0,5.0,14.0
495,4.0,2.0,4042.0,11.0,16.0
496,0.0,2.0,4.0,14.0,11.0
497,5.0,2.0,5050.0,5.0,14.0
498,4.0,3.0,4045.0,5.0,10.0
499,3.0,0.0,3038.0,1.0,12.0
500,1.0,0.0,10.0,2.0,6.0
501,3.0,0.0,34.0,6.0,2.0
502,1.0,0.0,11.0,8.0,3.0
503,0.0,2.0,4.0,1.0,7.0
504,5.0,2.0,5053.0,4.0,11.0
505,1.0,0.0,18.0,1.0,2.0
506,2.0,1.0,25.0,9.0,0.0
507,4.0,1.0,4049.0,2.0,12.0
508,0.0,2.0,5.0,7.0,1.0
509,6.0,0.0,6062.0,8.0,14.0
510,3.0,1.0,3033.0,3.0,14.0
511,0.0,1.0,5.0,1.0,4.0
512,5.0,2.0,5052.0,10.0,14.0
513,3.0,2.0,3035.0,1.0,11.0
514,3.0,0.0,31.0,4.0,2.0
515,3.0,2.0,3037.0,5.0,17.0
516,2.0,1.0,2022.0,3.0,16.0
517,9.0,2.0,9092.0,9.0,11.0
518,5.0,3.0,5052.0,14.0,18.0
519,0.0,0.0,5.0,10.0,4.0
520,3.0,0.0,3034.0,8.0,14.0
521,2.0,1.0,2025.0,4.0,13.0
522,1.0,0.0,12.0,5.0,2.0
523,6.0,0.0,6070.0,11.0,13.0
524,2.0,0.0,22.0,8.0,6.0
525,6.0,3.0,6067.0,3.0,16.0
526,5.0,2.0,5055.0,7.0,10.0
527,3.0,0.0,35.0,0.0,2.0
528,3.0,2.0,3033.0,12.0,18.0
529,1.0,2.0,1016.0,2.0,22.0
530,1.0,3.0,1016.0,8.0,14.0
531,2.0,1.0,2020.0,7.0,17.0
532,1.0,0.0,13.0,0.0,1.0
533,4.0,1.0,4042.0,1.0,18.0
534,2.0,0.0,23.0,1.0,2.0
535,5.0,0.0,5054.0,8.0,18.0
536,1.0,0.0,13.0,1.0,9.0
537,5.0,0.0,5053.0,3.0,15.0
538,2.0,0.0,22.0,11.0,2.0
539,4.0,2.0,4044.0,2.0,10.0
540,5.0,2.0,5055.0,2.0,17.0
541,3.0,0.0,33.0,0.0,6.0
542,4.0,0.0,4042.0,6.0,17.0
543,3.0,2.0,3032.0,5.0,15.0
544,2.0,2.0,2027.0,4.0,13.0
545,1.0,0.0,13.0,16.0,4.0
546,1.0,3.0,1016.0,4.0,13.0
547,2.0,2.0,2023.0,5.0,13.0
548,2.0,1.0,2025.0,7.0,14.0
549,1.0,1.0,1015.0,2.0,12.0
550,2.0,2.0,2020.0,6.0,17.0
551,3.0,0.0,34.0,4.0,6.0
552,0.0,2.0,0.0,5.0,0.0
553,5.0,0.0,5051.0,6.0,23.0
554,1.0,0.0,17.0,0.0,2.0
555,5.0,0.0,5053.0,3.0,15.0
556,0.0,2.0,4.0,2.0,2.0
557,4.0,0.0,4045.0,5.0,13.0
558,10.0,1.0,10106.0,4.0,15.0
559,5.0,3.0,5051.0,1.0,20.0
560,3.0,2.0,3036.0,10.0,14.0
561,2.0,2.0,2022.0,3.0,14.0
562,5.0,0.0,5051.0,2.0,10.0
563,5.0,2.0,5054.0,2.0,14.0
564,0.0,0.0,3.0,6.0,8.0
565,2.0,0.0,24.0,4.0,7.0
566,4.0,1.0,4044.0,4.0,11.0
567,2.0,0.0,27.0,12.0,5.0
568,3.0,2.0,3035.0,1.0,19.0
569,3.0,3.0,3039.0,4.0,13.0
570,5.0,0.0,5052.0,10.0,17.0
571,2.0,1.0,21.0,3.0,3.0
572,2.0,2.0,2024.0,11.0,14.0
573,6.0,1.0,6065.0,2.0,10.0
574,0.0,0.0,3.0,1.0,3.0
575,4.0,0.0,4046.0,1.0,16.0
576,0.0,1.0,7.0,2.0,2.0
577,7.0,3.0,7072.0,1.0,11.0
578,4.0,1.0,4046.0,14.0,16.0
579,0.0,0.0,3.0,2.0,4.0
580,5.0,0.0,5058.0,2.0,15.0
581,3.0,3.0,3036.0,3.0,14.0
582,3.0,2.0,3037.0,3.0,11.0
583,4.0,2.0,4044.0,3.0,10.0
584,2.0,0.0,24.0,0.0,4.0
585,9.0,2.0,9091.0,7.0,14.0
586,1.0,0.0,14.0,0.0,9.0
587,2.0,0.0,23.0,3.0,3.0
588,3.0,1.0,3034.0,7.0,13.0
589,2.0,2.0,2026.0,4.0,13.0
590,1.0,0.0,17.0,4.0,2.0
591,2.0,0.0,23.0,3.0,0.0
592,6.0,0.0,6067.0,4.0,16.0
593,1.0,2.0,1012.0,3.0,14.0
594,3.0,0.0,34.0,9.0,2.0
595,1.0,1.0,11.0,9.0,4.0
596,3.0,0.0,33.0,3.0,5.0
597,1.0,0.0,10.0,4.0,5.0
598,0.0,0.0,5.0,0.0,4.0
599,2.0,3.0,2023.0,5.0,13.0
600,2.0,1.0,2022.0,6.0,10.0
601,1.0,0.0,11.0,2.0,1.0
602,6.0,1.0,6063.0,8.0,17.0
603,4.0,2.0,4042.0,3.0,12.0
604,0.0,2.0,1.0,0.0,6.0
605,7.0,1.0,7072.0,4.0,17.0
606,4.0,3.0,4043.0,17.0,16.0
607,9.0,0.0,9098.0,3.0,15.0
608,0.0,1.0,2.0,5.0,5.0
609,0.0,2.0,9.0,7.0,1.0
610,2.0,0.0,24.0,3.0,5.0
611,2.0,3.0,2020.0,4.0,17.0
612,4.0,3.0,4044.0,3.0,15.0
613,3.0,2.0,3032.0,2.0,15.0
614,3.0,0.0,36.0,2.0,3.0
615,3.0,2.0,3036.0,10.0,14.0
616,0.0,2.0,2.0,10.0,6.0
617,2.0,0.0,23.0,3.0,1.0
618,3.0,3.0,3035.0,9.0,21.0
619,5.0,2.0,5053.0,3.0,13.0
620,2.0,2.0,2023.0,10.0,15.0
621,3.0,3.0,3032.0,9.0,16.0
622,3.0,0.0,3035.0,7.0,15.0
623,4.0,0.0,45.0,4.0,5.0
624,2.0,2.0,2025.0,9.0,11.0
625,7.0,0.0,7072.0,5.0,16.0
626,3.0,0.0,34.0,1.0,11.0
627,3.0,0.0,35.0,0.0,4.0
628,6.0,3.0,6061.0,1.0,12.0
629,3.0,2.0,3031.0,1.0,17.0
630,6.0,2.0,6064.0,1.0,12.0
631,10.0,1.0,10103.0,4.0,17.0
632,2.0,0.0,25.0,0.0,7.0
633,1.0,0.0,12.0,2.0,4.0
634,2.0,0.0,2021.0,3.0,12.0
635,0.0,1.0,4.0,1.0,3.0
636,3.0,0.0,30.0,8.0,2.0
637,3.0,0.0,35.0,5.0,4.0
638,4.0,2.0,4041.0,2.0,10.0
639,5.0,3.0,5054.0,6.0,12.0
640,1.0,3.0,1013.0,4.0,11.0
641,7.0,3.0,7072.0,3.0,10.0
642,2.0,2.0,2024.0,15.0,15.0
643,3.0,2.0,3032.0,2.0,11.0
644,1.0,1.0,16.0,8.0,1.0
645,3.0,0.0,39.0,0.0,5.0
646,2.0,0.0,2024.0,2.0,17.0
647,3.0,3.0,3037.0,4.0,11.0
648,5.0,2.0,5051.0,5.0,13.0
649,4.0,1.0,4047.0,7.0,12.0
650,3.0,0.0,3036.0,5.0,15.0
651,1.0,0.0,11.0,1.0,7.0
652,6.0,0.0,6064.0,4.0,11.0
653,0.0,1.0,3.0,8.0,4.0
654,5.0,0.0,5056.0,9.0,14.0
655,4.0,1.0,4043.0,3.0,15.0
656,1.0,1.0,16.0,0.0,7.0
657,3.0,0.0,37.0,6.0,7.0
658,7.0,2.0,7076.0,4.0,11.0
659,2.0,3.0,2026.0,1.0,12.0
660,2.0,0.0,23.0,5.0,1.0
661,2.0,0.0,23.0,6.0,1.0
662,4.0,0.0,4047.0,1.0,12.0
663,1.0,1.0,15.0,0.0,3.0
664,3.0,0.0,36.0,7.0,4.0
665,0.0,0.0,5.0,0.0,5.0
666,4.0,0.0,43.0,2.0,2.0
667,1.0,2.0,1014.0,13.0,15.0
668,7.0,1.0,7074.0,3.0,16.0
669,4.0,0.0,4042.0,8.0,16.0
670,0.0,1.0,2.0,8.0,6.0
671,3.0,0.0,34.0,2.0,1.0
672,1.0,3.0,1012.0,5.0,15.0
673,4.0,0.0,45.0,12.0,0.0
674,0.0,0.0,6.0,5.0,2.0
675,2.0,2.0,2024.0,3.0,10.0
676,3.0,0.0,3035.0,3.0,12.0
677,3.0,1.0,3034.0,3.0,12.0
678,6.0,0.0,6066.0,5.0,10.0
679,3.0,1.0,3035.0,3.0,16.0
680,1.0,1.0,13.0,2.0,4.0
681,2.0,0.0,25.0,0.0,2.0
682,0.0,2.0,2.0,2.0,2.0
683,5.0,3.0,5054.0,1.0,13.0
684,5.0,2.0,5052.0,8.0,12.0
685,6.0,3.0,6061.0,5.0,12.0
686,0.0,2.0,1.0,0.0,3.0
687,3.0,1.0,3034.0,2.0,13.0
688,5.0,1.0,5053.0,2.0,13.0
689,3.0,3.0,3032.0,6.0,10.0
690,1.0,2.0,1012.0,2.0,14.0
691,2.0,0.0,22.0,10.0,1.0
692,2.0,0.0,22.0,3.0,2.0
693,6.0,0.0,6065.0,4.0,12.0
694,3.0,2.0,3034.0,1.0,20.0
695,1.0,2.0,1014.0,4.0,11.0
696,1.0,1.0,17.0,7.0,1.0
697,3.0,1.0,3032.0,2.0,11.0
698,3.0,2.0,3034.0,10.0,10.0
699,5.0,2.0,5054.0,8.0,17.0
700,1.0,0.0,12.0,3.0,4.0
701,6.0,2.0,6065.0,3.0,16.0
702,4.0,0.0,4043.0,5.0,13.0
703,4.0,3.0,4044.0,4.0,13.0
704,2.0,0.0,25.0,0.0,5.0
705,1.0,2.0,1014.0,4.0,17.0
706,5.0,1.0,5061.0,2.0,12.0
707,4.0,0.0,4044.0,4.0,15.0
708,4.0,0.0,4043.0,16.0,15.0
709,5.0,0.0,5055.0,3.0,15.0
710,4.0,1.0,4043.0,6.0,10.0
711,3.0,3.0,3033.0,2.0,16.0
712,1.0,0.0,14.0,2.0,5.0
713,5.0,2.0,5055.0,2.0,12.0
714,5.0,3.0,5052.0,5.0,12.0
715,1.0,0.0,14.0,2.0,0.0
716,3.0,1.0,3032.0,1.0,13.0
717,3.0,1.0,3033.0,2.0,13.0
718,0.0,2.0,5.0,1.0,0.0
719,3.0,3.0,3033.0,2.0,13.0
720,6.0,1.0,6064.0,5.0,13.0
721,2.0,2.0,2023.0,1.0,17.0
722,5.0,1.0,5054.0,3.0,16.0
723,0.0,1.0,4.0,3.0,3.0
724,6.0,1.0,6067.0,3.0,13.0
725,2.0,0.0,25.0,10.0,1.0
726,1.0,0.0,17.0,6.0,5.0
727,3.0,1.0,31.0,8.0,1.0
728,3.0,2.0,3031.0,7.0,14.0
729,4.0,0.0,4042.0,10.0,13.0
730,3.0,1.0,3033.0,6.0,15.0
731,3.0,0.0,3035.0,1.0,10.0
732,2.0,2.0,2024.0,19.0,12.0
733,4.0,0.0,4043.0,4.0,14.0
734,3.0,0.0,32.0,2.0,10.0
735,2.0,0.0,22.0,7.0,6.0
736,3.0,2.0,3031.0,9.0,12.0
737,2.0,1.0,2023.0,3.0,12.0
738,4.0,2.0,4044.0,9.0,11.0
739,3.0,1.0,3032.0,4.0,11.0
740,3.0,2.0,3035.0,9.0,10.0
741,8.0,0.0,8081.0,2.0,11.0
742,2.0,0.0,23.0,1.0,1.0
743,2.0,2.0,2026.0,5.0,11.0
744,2.0,3.0,2023.0,2.0,14.0
745,0.0,2.0,8.0,0.0,2.0
746,2.0,1.0,2022.0,9.0,23.0
747,2.0,0.0,26.0,3.0,4.0
748,3.0,1.0,33.0,2.0,7.0
749,7.0,2.0,7071.0,10.0,23.0
750,3.0,0.0,31.0,0.0,1.0
751,7.0,3.0,7074.0,5.0,12.0
752,5.0,2.0,5053.0,3.0,11.0
753,2.0,0.0,22.0,5.0,3.0
754,5.0,1.0,5053.0,2.0,13.0
755,6.0,2.0,6062.0,3.0,14.0
756,0.0,3.0,2.0,6.0,19.0
757,5.0,3.0,5054.0,14.0,13.0
758,1.0,1.0,14.0,5.0,3.0
759,2.0,2.0,2022.0,1.0,14.0
760,3.0,0.0,36.0,0.0,4.0
761,1.0,0.0,13.0,2.0,8.0
762,3.0,1.0,3034.0,2.0,12.0
763,2.0,0.0,25.0,5.0,6.0
764,3.0,1.0,3032.0,2.0,12.0
765,4.0,0.0,4044.0,6.0,11.0
766,3.0,2.0,3036.0,8.0,12.0
767,6.0,2.0,6064.0,7.0,12.0
768,2.0,1.0,2023.0,7.0,16.0
769,2.0,1.0,28.0,6.0,4.0
770,4.0,1.0,4042.0,2.0,15.0
771,6.0,0.0,6063.0,9.0,17.0
772,2.0,0.0,23.0,2.0,4.0
773,2.0,2.0,2022.0,6.0,11.0
774,1.0,0.0,15.0,2.0,4.0
775,2.0,2.0,2022.0,2.0,13.0
776,2.0,2.0,2026.0,1.0,13.0
777,3.0,2.0,3037.0,4.0,15.0
778,2.0,1.0,2026.0,2.0,13.0
779,5.0,2.0,5050.0,8.0,14.0
780,2.0,2.0,2024.0,4.0,13.0
781,2.0,2.0,24.0,2.0,1.0
782,2.0,1.0,2021.0,4.0,17.0
783,8.0,3.0,8087.0,3.0,13.0
784,3.0,2.0,3032.0,3.0,13.0
785,2.0,1.0,26.0,5.0,1.0
786,11.0,2.0,11110.0,13.0,12.0
787,0.0,2.0,9.0,10.0,10.0
788,2.0,0.0,27.0,6.0,4.0
789,4.0,0.0,4050.0,6.0,15.0
790,1.0,0.0,14.0,2.0,4.0
791,4.0,2.0,4046.0,2.0,14.0
792,2.0,0.0,26.0,2.0,7.0
793,1.0,1.0,13.0,3.0,2.0
794,4.0,0.0,4041.0,3.0,13.0
795,1.0,1.0,14.0,3.0,2.0
796,4.0,1.0,4045.0,10.0,14.0
797,3.0,0.0,3035.0,4.0,12.0
798,1.0,0.0,12.0,9.0,3.0
799,1.0,0.0,14.0,0.0,6.0
800,2.0,2.0,2022.0,4.0,11.0
801,3.0,0.0,32.0,7.0,3.0
802,1.0,2.0,1013.0,5.0,13.0
803,2.0,2.0,2022.0,6.0,15.0
804,2.0,2.0,2023.0,1.0,16.0
805,2.0,3.0,2022.0,3.0,17.0
806,5.0,1.0,5052.0,1.0,16.0
807,2.0,1.0,2027.0,7.0,12.0
808,1.0,2.0,1011.0,5.0,13.0
809,1.0,2.0,1016.0,1.0,14.0
810,4.0,3.0,4046.0,2.0,15.0
811,4.0,2.0,4049.0,15.0,13.0
812,0.0,3.0,4.0,3.0,15.0
813,3.0,1.0,3032.0,7.0,14.0
814,2.0,2.0,2024.0,8.0,16.0
815,3.0,3.0,3034.0,2.0,14.0
816,2.0,2.0,2025.0,3.0,11.0
817,2.0,2.0,2026.0,5.0,12.0
818,7.0,0.0,7072.0,6.0,13.0
819,2.0,0.0,23.0,4.0,7.0
820,6.0,1.0,6067.0,6.0,15.0
821,2.0,0.0,24.0,5.0,1.0
822,5.0,1.0,5052.0,6.0,14.0
823,7.0,2.0,7074.0,1.0,14.0
824,2.0,2.0,2028.0,1.0,14.0
825,5.0,2.0,5054.0,10.0,13.0
826,3.0,3.0,3030.0,2.0,15.0
827,0.0,1.0,2.0,2.0,3.0
828,1.0,2.0,15.0,8.0,1.0
829,3.0,0.0,32.0,8.0,10.0
830,2.0,0.0,27.0,1.0,5.0
831,1.0,2.0,1014.0,2.0,16.0
832,4.0,0.0,4046.0,4.0,15.0
833,4.0,0.0,4040.0,5.0,18.0
834,2.0,0.0,25.0,2.0,6.0
835,7.0,2.0,7074.0,7.0,14.0
836,1.0,0.0,12.0,7.0,4.0
837,0.0,3.0,2.0,5.0,11.0
838,3.0,3.0,3033.0,4.0,12.0
839,2.0,0.0,25.0,0.0,2.0
840,2.0,1.0,2023.0,4.0,15.0
841,4.0,0.0,4047.0,1.0,11.0
842,3.0,0.0,3035.0,7.0,14.0
843,3.0,1.0,3031.0,3.0,11.0
844,3.0,1.0,36.0,0.0,1.0
845,2.0,0.0,2028.0,4.0,12.0
846,2.0,3.0,2022.0,4.0,17.0
847,4.0,3.0,4042.0,1.0,17.0
848,3.0,2.0,3034.0,8.0,15.0
849,3.0,0.0,3034.0,5.0,14.0
850,5.0,0.0,5052.0,4.0,12.0
851,1.0,0.0,11.0,3.0,2.0
852,3.0,2.0,3032.0,8.0,13.0
853,4.0,3.0,4043.0,4.0,14.0
854,2.0,0.0,25.0,5.0,3.0
855,4.0,0.0,4041.0,5.0,16.0
856,1.0,1.0,15.0,4.0,13.0
857,0.0,2.0,1.0,0.0,0.0
858,6.0,0.0,6066.0,4.0,12.0
859,3.0,0.0,3036.0,4.0,15.0
860,4.0,3.0,4045.0,4.0,13.0
861,5.0,0.0,5055.0,7.0,15.0
862,0.0,2.0,0.0,3.0,7.0
863,3.0,1.0,3031.0,4.0,12.0
864,1.0,0.0,17.0,2.0,4.0
865,2.0,2.0,2029.0,4.0,13.0
866,3.0,0.0,3033.0,8.0,13.0
867,1.0,0.0,15.0,0.0,3.0
868,4.0,2.0,4046.0,5.0,18.0
869,3.0,2.0,3030.0,3.0,15.0
870,0.0,0.0,4.0,1.0,5.0
871,3.0,2.0,3037.0,1.0,14.0
872,5.0,2.0,5054.0,2.0,18.0
873,1.0,0.0,12.0,2.0,1.0
874,0.0,3.0,1.0,3.0,4.0
875,6.0,0.0,6065.0,7.0,14.0
876,1.0,0.0,16.0,5.0,5.0
877,0.0,2.0,5.0,5.0,4.0
878,6.0,0.0,6067.0,4.0,15.0
879,1.0,1.0,18.0,9.0,5.0
880,6.0,2.0,6067.0,2.0,19.0
881,5.0,0.0,5054.0,2.0,12.0
882,5.0,0.0,5057.0,3.0,12.0
883,8.0,2.0,8084.0,11.0,15.0
884,1.0,1.0,14.0,9.0,2.0
885,3.0,2.0,3035.0,5.0,19.0
886,7.0,2.0,7075.0,2.0,10.0
887,2.0,2.0,2024.0,3.0,14.0
888,3.0,0.0,38.0,7.0,5.0
889,1.0,0.0,11.0,4.0,6.0
890,5.0,2.0,5054.0,1.0,15.0
891,7.0,0.0,7072.0,2.0,12.0
892,2.0,0.0,23.0,7.0,6.0
893,1.0,1.0,14.0,1.0,4.0
894,2.0,0.0,22.0,10.0,4.0
895,4.0,2.0,4045.0,8.0,15.0
896,3.0,0.0,33.0,1.0,1.0
897,1.0,0.0,18.0,3.0,1.0
898,4.0,2.0,4044.0,5.0,11.0
899,4.0,2.0,4041.0,7.0,15.0
900,3.0,3.0,3035.0,10.0,15.0
901,2.0,0.0,25.0,0.0,1.0
902,3.0,1.0,3034.0,4.0,19.0
903,2.0,0.0,21.0,4.0,2.0
904,0.0,0.0,2.0,0.0,2.0
905,2.0,2.0,2022.0,5.0,15.0
906,6.0,0.0,6063.0,8.0,18.0
907,4.0,3.0,4041.0,8.0,12.0
908,3.0,1.0,3035.0,6.0,13.0
909,2.0,1.0,23.0,1.0,2.0
910,4.0,0.0,4041.0,2.0,14.0
911,1.0,2.0,1013.0,5.0,13.0
912,2.0,0.0,24.0,6.0,6.0
913,1.0,1.0,12.0,6.0,5.0
914,2.0,2.0,2025.0,5.0,12.0
915,1.0,0.0,14.0,8.0,2.0
916,3.0,0.0,3033.0,4.0,13.0
917,5.0,2.0,5056.0,6.0,14.0
918,1.0,2.0,1015.0,2.0,12.0
919,0.0,0.0,4.0,2.0,4.0
920,5.0,2.0,5056.0,8.0,15.0
921,3.0,3.0,3036.0,1.0,15.0
922,4.0,2.0,4047.0,4.0,11.0
923,1.0,0.0,20.0,11.0,1.0
924,5.0,3.0,5054.0,3.0,14.0
925,2.0,0.0,26.0,5.0,7.0
926,1.0,2.0,11.0,0.0,9.0
927,5.0,0.0,5055.0,9.0,17.0
928,3.0,1.0,3034.0,4.0,26.0
929,5.0,2.0,5051.0,2.0,11.0
930,2.0,1.0,2023.0,5.0,16.0
931,4.0,3.0,4048.0,3.0,15.0
932,4.0,0.0,4043.0,6.0,11.0
933,2.0,0.0,23.0,1.0,3.0
934,4.0,0.0,4046.0,4.0,14.0
935,0.0,2.0,5.0,2.0,1.0
936,6.0,0.0,6064.0,3.0,15.0
937,5.0,0.0,5057.0,3.0,12.0
938,3.0,2.0,3031.0,9.0,16.0
939,3.0,0.0,3037.0,9.0,12.0
940,2.0,0.0,22.0,1.0,1.0
941,4.0,0.0,44.0,0.0,4.0
942,4.0,1.0,4045.0,5.0,14.0
943,5.0,2.0,5057.0,1.0,13.0
944,1.0,1.0,13.0,5.0,6.0
945,6.0,3.0,6063.0,2.0,11.0
946,0.0,0.0,2.0,4.0,10.0
947,1.0,2.0,1012.0,4.0,21.0
948,3.0,0.0,31.0,1.0,3.0
949,2.0,2.0,2021.0,2.0,14.0
950,0.0,1.0,4.0,5.0,6.0
951,0.0,0.0,5.0,3.0,11.0
952,3.0,1.0,35.0,2.0,4.0
953,2.0,0.0,23.0,6.0,10.0
954,2.0,3.0,2024.0,2.0,13.0
955,1.0,0.0,18.0,7.0,5.0
956,2.0,0.0,30.0,3.0,10.0
957,4.0,2.0,4044.0,6.0,15.0
958,4.0,0.0,4049.0,3.0,12.0
959,0.0,2.0,5.0,6.0,3.0
960,7.0,0.0,7076.0,3.0,13.0
961,1.0,0.0,12.0,10.0,3.0
962,0.0,2.0,3.0,0.0,4.0
963,5.0,1.0,5052.0,15.0,13.0
964,2.0,1.0,2020.0,4.0,16.0
965,0.0,2.0,5.0,6.0,5.0
966,4.0,0.0,4046.0,5.0,14.0
967,1.0,3.0,1012.0,9.0,18.0
968,2.0,0.0,22.0,1.0,0.0
969,4.0,1.0,4044.0,5.0,11.0
970,5.0,1.0,5054.0,5.0,15.0
971,5.0,2.0,5053.0,6.0,18.0
972,2.0,1.0,2030.0,15.0,14.0
973,1.0,0.0,15.0,6.0,1.0
974,0.0,3.0,2.0,7.0,12.0
975,1.0,0.0,15.0,10.0,4.0
976,2.0,2.0,2024.0,3.0,13.0
977,2.0,2.0,2026.0,7.0,16.0
978,5.0,0.0,5055.0,10.0,14.0
979,5.0,2.0,5054.0,4.0,15.0
980,1.0,0.0,11.0,3.0,0.0
981,3.0,3.0,3037.0,1.0,16.0
982,0.0,0.0,7.0,1.0,7.0
983,1.0,3.0,1011.0,3.0,17.0
984,1.0,0.0,15.0,4.0,7.0
985,2.0,2.0,2025.0,6.0,11.0
986,2.0,1.0,2023.0,2.0,10.0
987,5.0,0.0,5054.0,10.0,15.0
988,2.0,2.0,2022.0,5.0,12.0
989,5.0,0.0,5055.0,7.0,13.0
990,0.0,2.0,5.0,6.0,2.0
991,3.0,3.0,3031.0,5.0,23.0
992,3.0,2.0,3035.0,3.0,17.0
993,3.0,0.0,31.0,1.0,2.0
994,3.0,2.0,3034.0,1.0,13.0
995,6.0,0.0,6066.0,5.0,11.0
996,1.0,0.0,11.0,1.0,4.0
997,3.0,3.0,3034.0,10.0,17.0
998,2.0,0.0,27.0,4.0,3.0
999,2.0,3.0,2023.0,1.0,12.0
1000,7.0,0.0,7073.0,7.0,17.0
1001,1.0,0.0,14.0,0.0,1.0
1002,0.0,2.0,1.0,0.0,2.0
1003,7.0,3.0,7072.0,4.0,14.0
1004,3.0,1.0,3031.0,2.0,16.0
1005,2.0,2.0,2026.0,1.0,12.0
1006,5.0,0.0,5053.0,7.0,17.0
1007,1.0,2.0,1017.0,6.0,11.0
1008,4.0,3.0,4042.0,3.0,12.0
1009,2.0,0.0,24.0,12.0,6.0
1010,1.0,3.0,1016.0,3.0,12.0
1011,3.0,2.0,3034.0,2.0,10.0
1012,4.0,1.0,4043.0,4.0,10.0
1013,4.0,1.0,4043.0,6.0,17.0
1014,7.0,0.0,7074.0,4.0,14.0
1015,3.0,0.0,35.0,1.0,4.0
1016,2.0,2.0,2028.0,9.0,13.0
1017,2.0,1.0,26.0,4.0,2.0
1018,4.0,0.0,4042.0,10.0,24.0
1019,2.0,0.0,23.0,9.0,1.0
1020,3.0,2.0,3038.0,3.0,13.0
1021,2.0,1.0,2022.0,4.0,13.0
1022,2.0,1.0,2028.0,4.0,12.0
1023,2.0,2.0,2026.0,4.0,12.0
1024,1.0,1.0,12.0,2.0,9.0
1025,2.0,2.0,2024.0,4.0,17.0
1026,2.0,0.0,23.0,3.0,0.0
1027,1.0,1.0,17.0,10.0,5.0
1028,3.0,0.0,34.0,5.0,4.0
1029,7.0,3.0,7073.0,5.0,12.0
1030,2.0,0.0,28.0,10.0,6.0
1031,5.0,1.0,5051.0,2.0,15.0
1032,1.0,0.0,15.0,4.0,3.0
1033,4.0,0.0,4043.0,10.0,22.0
1034,1.0,0.0,13.0,8.0,6.0
1035,1.0,2.0,15.0,1.0,3.0
1036,1.0,3.0,1010.0,4.0,11.0
1037,5.0,3.0,5056.0,6.0,15.0
1038,3.0,1.0,3031.0,10.0,13.0
1039,1.0,1.0,11.0,3.0,4.0
1040,1.0,1.0,13.0,0.0,3.0
1041,2.0,0.0,26.0,5.0,6.0
1042,0.0,1.0,4.0,6.0,6.0
1043,3.0,0.0,35.0,8.0,9.0
1044,4.0,2.0,4048.0,2.0,14.0
1045,6.0,2.0,6063.0,6.0,10.0
1046,1.0,2.0,16.0,6.0,7.0
1047,1.0,2.0,1013.0,2.0,12.0
1048,1.0,1.0,13.0,2.0,5.0
1049,5.0,3.0,5054.0,3.0,13.0
1050,6.0,1.0,6061.0,2.0,13.0
1051,3.0,3.0,3032.0,6.0,14.0
1052,4.0,0.0,4047.0,2.0,13.0
1053,1.0,1.0,16.0,0.0,1.0
1054,3.0,2.0,3033.0,3.0,18.0
1055,4.0,2.0,4042.0,2.0,11.0
1056,4.0,3.0,4043.0,11.0,15.0
1057,2.0,2.0,2022.0,8.0,12.0
1058,6.0,3.0,6064.0,10.0,13.0
1059,4.0,0.0,4049.0,3.0,17.0
1060,4.0,1.0,4042.0,3.0,17.0
1061,1.0,2.0,1015.0,2.0,13.0
1062,3.0,1.0,3037.0,3.0,12.0
1063,4.0,2.0,4041.0,10.0,14.0
1064,1.0,2.0,1012.0,6.0,25.0
1065,2.0,2.0,2026.0,2.0,12.0
1066,2.0,2.0,2026.0,3.0,10.0
1067,4.0,0.0,4047.0,9.0,14.0
1068,1.0,1.0,16.0,7.0,8.0
1069,6.0,2.0,6063.0,3.0,13.0
1070,4.0,3.0,4043.0,8.0,15.0
1071,3.0,0.0,3033.0,7.0,14.0
1072,1.0,0.0,19.0,1.0,5.0
1073,2.0,1.0,2024.0,6.0,13.0
1074,3.0,2.0,3032.0,6.0,13.0
1075,2.0,2.0,2028.0,8.0,11.0
1076,3.0,0.0,32.0,2.0,4.0
1077,2.0,2.0,2021.0,2.0,12.0
1078,4.0,2.0,4051.0,2.0,11.0
1079,4.0,3.0,4045.0,6.0,15.0
1080,0.0,1.0,2.0,3.0,5.0
1081,4.0,2.0,4043.0,10.0,14.0
1082,5.0,1.0,5053.0,2.0,15.0
1083,0.0,0.0,2.0,1.0,7.0
1084,2.0,1.0,2024.0,12.0,14.0
1085,4.0,1.0,4041.0,3.0,13.0
1086,4.0,2.0,4046.0,3.0,18.0
1087,0.0,0.0,1.0,7.0,2.0
1088,5.0,3.0,5056.0,6.0,16.0
1089,1.0,3.0,1012.0,4.0,21.0
1090,3.0,0.0,33.0,0.0,2.0
1091,0.0,2.0,4.0,4.0,15.0
1092,2.0,0.0,20.0,4.0,7.0
1093,4.0,1.0,4044.0,13.0,13.0
1094,0.0,2.0,8.0,3.0,5.0
1095,2.0,2.0,2027.0,12.0,20.0
1096,2.0,0.0,24.0,8.0,3.0
1097,3.0,1.0,3032.0,1.0,16.0
1098,1.0,0.0,15.0,2.0,2.0
1099,2.0,2.0,2023.0,3.0,12.0
1100,7.0,2.0,7072.0,1.0,14.0
1101,6.0,2.0,6065.0,6.0,13.0
1102,5.0,3.0,5052.0,10.0,15.0
1103,1.0,0.0,14.0,5.0,6.0
1104,1.0,0.0,17.0,7.0,3.0
1105,5.0,1.0,5054.0,5.0,14.0
1106,0.0,2.0,1.0,5.0,2.0
1107,0.0,3.0,6.0,2.0,16.0
1108,5.0,0.0,5054.0,10.0,14.0
1109,3.0,3.0,3035.0,9.0,13.0
1110,3.0,1.0,3038.0,6.0,13.0
1111,7.0,2.0,7074.0,3.0,16.0
1112,4.0,1.0,4047.0,8.0,12.0
1113,2.0,0.0,22.0,4.0,1.0
1114,3.0,1.0,3035.0,16.0,13.0
1115,0.0,2.0,3.0,1.0,3.0
1116,5.0,0.0,5060.0,1.0,19.0
1117,0.0,0.0,3.0,5.0,0.0
1118,5.0,1.0,5053.0,2.0,16.0
1119,8.0,2.0,8082.0,6.0,14.0
1120,3.0,2.0,3034.0,1.0,11.0
1121,3.0,0.0,31.0,10.0,1.0
1122,2.0,2.0,2022.0,4.0,16.0
1123,1.0,1.0,12.0,5.0,3.0
1124,1.0,3.0,1015.0,5.0,20.0
1125,4.0,2.0,4041.0,3.0,19.0
1126,3.0,2.0,3035.0,4.0,15.0
1127,4.0,0.0,4045.0,3.0,17.0
1128,5.0,1.0,5058.0,2.0,16.0
1129,4.0,3.0,4043.0,2.0,15.0
1130,4.0,3.0,4046.0,1.0,10.0
1131,5.0,1.0,5056.0,9.0,13.0
1132,1.0,0.0,13.0,0.0,2.0
1133,8.0,0.0,8084.0,4.0,19.0
1134,4.0,1.0,4048.0,3.0,15.0
1135,6.0,3.0,6062.0,4.0,16.0
1136,1.0,2.0,1016.0,9.0,15.0
1137,0.0,3.0,3.0,6.0,12.0
1138,2.0,0.0,24.0,3.0,6.0
1139,4.0,3.0,4041.0,6.0,15.0
1140,1.0,0.0,10.0,1.0,6.0
1141,1.0,0.0,10.0,8.0,6.0
1142,4.0,0.0,44.0,3.0,5.0
1143,7.0,0.0,7075.0,6.0,10.0
1144,1.0,2.0,1014.0,2.0,13.0
1145,2.0,2.0,2024.0,10.0,15.0
1146,2.0,3.0,2027.0,2.0,11.0
1147,3.0,2.0,3034.0,16.0,17.0
1148,7.0,2.0,7072.0,5.0,16.0
1149,0.0,0.0,3.0,1.0,2.0
1150,5.0,1.0,5055.0,8.0,16.0
1151,6.0,2.0,6064.0,3.0,20.0
1152,4.0,0.0,4045.0,2.0,16.0
1153,1.0,0.0,12.0,2.0,4.0
1154,2.0,3.0,2029.0,6.0,12.0
1155,2.0,3.0,2025.0,7.0,13.0
1156,3.0,2.0,3036.0,8.0,19.0
1157,5.0,0.0,5057.0,5.0,21.0
1158,2.0,0.0,22.0,7.0,9.0
1159,4.0,1.0,4044.0,1.0,12.0
1160,2.0,3.0,2027.0,3.0,12.0
1161,3.0,3.0,3036.0,3.0,14.0
1162,4.0,0.0,4046.0,4.0,15.0
1163,7.0,0.0,7079.0,5.0,13.0
1164,2.0,0.0,24.0,0.0,3.0
1165,2.0,0.0,22.0,5.0,4.0
1166,3.0,1.0,3032.0,4.0,13.0
1167,4.0,0.0,4043.0,4.0,13.0
1168,4.0,0.0,4042.0,4.0,14.0
1169,3.0,1.0,3035.0,2.0,18.0
1170,2.0,3.0,2025.0,7.0,17.0
1171,3.0,2.0,3033.0,5.0,15.0
1172,12.0,0.0,12124.0,6.0,13.0
1173,5.0,2.0,5051.0,9.0,12.0
1174,7.0,2.0,7073.0,7.0,13.0
1175,2.0,2.0,2021.0,4.0,11.0
1176,0.0,0.0,3.0,5.0,2.0
1177,3.0,2.0,3033.0,7.0,13.0
1178,3.0,0.0,35.0,7.0,8.0
1179,2.0,1.0,26.0,3.0,7.0
1180,2.0,1.0,22.0,4.0,5.0
1181,2.0,2.0,2024.0,7.0,16.0
1182,3.0,0.0,35.0,0.0,8.0
1183,4.0,2.0,4050.0,9.0,11.0
1184,3.0,0.0,3035.0,2.0,14.0
1185,5.0,3.0,5052.0,9.0,18.0
1186,2.0,1.0,22.0,1.0,4.0
1187,1.0,0.0,15.0,3.0,8.0
1188,5.0,0.0,5053.0,2.0,14.0
1189,2.0,0.0,23.0,6.0,2.0
1190,4.0,0.0,4041.0,3.0,21.0
1191,4.0,1.0,4041.0,11.0,18.0
1192,2.0,2.0,2026.0,3.0,13.0
1193,1.0,0.0,15.0,3.0,2.0
1194,5.0,0.0,5053.0,3.0,13.0
1195,6.0,1.0,6064.0,4.0,12.0
1196,0.0,1.0,6.0,2.0,5.0
1197,2.0,1.0,23.0,7.0,1.0
1198,0.0,0.0,3.0,2.0,1.0
1199,2.0,0.0,23.0,1.0,1.0
1200,2.0,3.0,2030.0,10.0,13.0
1201,4.0,2.0,4050.0,3.0,13.0
1202,0.0,1.0,3.0,3.0,11.0
1203,4.0,1.0,4042.0,5.0,22.0
1204,2.0,0.0,24.0,2.0,7.0
1205,4.0,2.0,4040.0,10.0,17.0
1206,9.0,0.0,9093.0,5.0,12.0
1207,4.0,2.0,4048.0,5.0,15.0
1208,2.0,2.0,2022.0,8.0,23.0
1209,5.0,1.0,5055.0,7.0,11.0
1210,0.0,0.0,2.0,4.0,3.0
1211,0.0,1.0,9.0,6.0,7.0
1212,6.0,0.0,6064.0,5.0,16.0
1213,3.0,0.0,33.0,5.0,4.0
1214,6.0,2.0,6063.0,1.0,11.0
1215,3.0,2.0,3033.0,1.0,18.0
1216,4.0,0.0,4049.0,8.0,15.0
1217,1.0,2.0,1016.0,2.0,11.0
1218,4.0,2.0,4041.0,4.0,16.0
1219,3.0,3.0,3037.0,5.0,11.0
1220,2.0,0.0,24.0,6.0,5.0
1221,2.0,0.0,2030.0,3.0,16.0
1222,3.0,0.0,31.0,10.0,3.0
1223,3.0,0.0,3033.0,2.0,11.0
1224,0.0,1.0,2.0,0.0,6.0
1225,2.0,2.0,2024.0,4.0,12.0
1226,1.0,3.0,1014.0,5.0,13.0
1227,3.0,1.0,3033.0,8.0,11.0
1228,8.0,0.0,8083.0,2.0,14.0
1229,2.0,0.0,28.0,3.0,3.0
1230,4.0,0.0,4042.0,11.0,19.0
1231,4.0,0.0,4046.0,2.0,12.0
1232,2.0,1.0,26.0,8.0,4.0
1233,1.0,1.0,13.0,2.0,3.0
1234,4.0,0.0,4045.0,4.0,14.0
1235,4.0,2.0,4048.0,1.0,12.0
1236,2.0,2.0,2028.0,6.0,10.0
1237,2.0,0.0,26.0,1.0,9.0
1238,2.0,0.0,23.0,4.0,6.0
1239,4.0,3.0,4044.0,15.0,13.0
1240,3.0,0.0,3034.0,2.0,16.0
1241,5.0,2.0,5052.0,4.0,15.0
1242,3.0,0.0,33.0,1.0,11.0
1243,2.0,2.0,2027.0,3.0,12.0
1244,1.0,0.0,13.0,2.0,3.0
1245,6.0,2.0,6065.0,1.0,17.0
1246,7.0,0.0,7072.0,6.0,12.0
1247,4.0,0.0,4042.0,8.0,12.0
1248,1.0,0.0,11.0,2.0,1.0
1249,1.0,1.0,13.0,4.0,6.0
1250,4.0,1.0,4041.0,8.0,16.0
1251,2.0,0.0,27.0,1.0,2.0
1252,2.0,2.0,2020.0,2.0,13.0
1253,1.0,0.0,14.0,2.0,4.0
1254,1.0,1.0,14.0,6.0,6.0
1255,5.0,0.0,5051.0,3.0,13.0
1256,3.0,3.0,3038.0,17.0,14.0
1257,4.0,0.0,4046.0,6.0,13.0
1258,6.0,0.0,6062.0,3.0,14.0
1259,1.0,0.0,14.0,5.0,3.0
1260,1.0,2.0,1013.0,3.0,12.0
1261,0.0,2.0,5.0,1.0,8.0
1262,2.0,0.0,24.0,3.0,6.0
1263,1.0,1.0,14.0,1.0,1.0
1264,3.0,2.0,3032.0,9.0,11.0
1265,0.0,2.0,5.0,0.0,0.0
1266,1.0,0.0,15.0,0.0,1.0
1267,3.0,1.0,3037.0,3.0,16.0
1268,5.0,0.0,5053.0,5.0,15.0
1269,1.0,2.0,1017.0,9.0,12.0
1270,2.0,2.0,2025.0,5.0,13.0
1271,2.0,1.0,25.0,5.0,2.0
1272,4.0,2.0,4044.0,3.0,14.0
1273,5.0,0.0,5051.0,2.0,17.0
1274,4.0,0.0,45.0,6.0,5.0
1275,3.0,0.0,35.0,4.0,2.0
1276,0.0,0.0,5.0,1.0,2.0
1277,3.0,0.0,3031.0,8.0,18.0
1278,3.0,1.0,3040.0,4.0,16.0
1279,3.0,2.0,3034.0,6.0,15.0
1280,1.0,0.0,15.0,5.0,5.0
1281,1.0,1.0,11.0,13.0,3.0
1282,3.0,0.0,3036.0,2.0,13.0
1283,1.0,0.0,16.0,5.0,1.0
1284,5.0,2.0,5056.0,17.0,17.0
1285,2.0,2.0,2022.0,2.0,13.0
1286,5.0,1.0,5054.0,6.0,16.0
1287,4.0,1.0,4047.0,7.0,16.0
1288,0.0,0.0,3.0,2.0,7.0
1289,2.0,3.0,2024.0,4.0,13.0
1290,1.0,2.0,1013.0,1.0,13.0
1291,2.0,2.0,2024.0,4.0,11.0
1292,9.0,0.0,9091.0,2.0,15.0
1293,3.0,0.0,3034.0,4.0,14.0
1294,5.0,0.0,5054.0,5.0,17.0
1295,4.0,2.0,4043.0,5.0,12.0
1296,7.0,1.0,7079.0,4.0,13.0
1297,2.0,3.0,2027.0,2.0,12.0
1298,4.0,3.0,4045.0,3.0,19.0
1299,3.0,3.0,3035.0,2.0,14.0
1300,3.0,3.0,3032.0,3.0,16.0
1301,0.0,2.0,1.0,13.0,10.0
1302,2.0,3.0,2023.0,8.0,13.0
1303,4.0,0.0,4045.0,1.0,11.0
1304,6.0,0.0,6067.0,4.0,13.0
1305,1.0,2.0,1014.0,3.0,15.0
1306,3.0,0.0,34.0,13.0,4.0
1307,3.0,1.0,3035.0,2.0,14.0
1308,2.0,1.0,2022.0,12.0,13.0
1309,3.0,0.0,34.0,0.0,4.0
1310,3.0,0.0,36.0,2.0,7.0
1311,3.0,1.0,3034.0,3.0,14.0
1312,4.0,2.0,4042.0,9.0,14.0
1313,1.0,2.0,1013.0,2.0,12.0
1314,0.0,2.0,1.0,5.0,10.0
1315,3.0,2.0,3033.0,3.0,14.0
1316,3.0,3.0,3032.0,10.0,11.0
1317,2.0,0.0,23.0,0.0,1.0
1318,0.0,0.0,6.0,18.0,7.0
1319,2.0,0.0,24.0,2.0,9.0
1320,2.0,1.0,2021.0,4.0,17.0
1321,3.0,0.0,32.0,4.0,7.0
1322,6.0,0.0,6064.0,5.0,15.0
1323,9.0,3.0,9096.0,5.0,16.0
1324,0.0,1.0,4.0,6.0,3.0
1325,5.0,0.0,5054.0,30.0,18.0
1326,3.0,2.0,3038.0,10.0,15.0
1327,5.0,0.0,5055.0,1.0,13.0
1328,3.0,0.0,3037.0,2.0,15.0
1329,6.0,0.0,6065.0,7.0,15.0
1330,3.0,0.0,32.0,8.0,1.0
1331,7.0,3.0,7074.0,2.0,19.0
1332,7.0,0.0,7076.0,2.0,12.0
1333,4.0,1.0,4044.0,2.0,13.0
1334,5.0,1.0,5055.0,1.0,15.0
1335,4.0,2.0,4044.0,9.0,13.0
1336,4.0,0.0,4042.0,1.0,13.0
1337,4.0,0.0,4041.0,5.0,21.0
1338,0.0,2.0,3.0,3.0,4.0
1339,4.0,0.0,4046.0,7.0,10.0
1340,3.0,0.0,30.0,1.0,2.0
1341,7.0,1.0,7074.0,4.0,15.0
1342,4.0,2.0,4047.0,10.0,11.0
1343,1.0,0.0,13.0,4.0,8.0
1344,1.0,2.0,17.0,3.0,3.0
1345,3.0,1.0,3036.0,6.0,12.0
1346,3.0,2.0,3036.0,13.0,10.0
1347,4.0,2.0,4047.0,7.0,15.0
1348,2.0,1.0,2025.0,5.0,19.0
1349,4.0,3.0,4046.0,4.0,12.0
1350,3.0,0.0,36.0,7.0,3.0
1351,2.0,2.0,2025.0,6.0,12.0
1352,4.0,0.0,4043.0,6.0,13.0
1353,5.0,2.0,5050.0,3.0,21.0
1354,4.0,0.0,4048.0,6.0,11.0
1355,2.0,2.0,2027.0,1.0,15.0
1356,4.0,2.0,4040.0,4.0,12.0
1357,1.0,0.0,11.0,2.0,4.0
1358,0.0,0.0,4.0,4.0,1.0
1359,0.0,0.0,6.0,6.0,3.0
1360,2.0,0.0,2027.0,10.0,14.0
1361,5.0,1.0,5052.0,2.0,10.0
1362,1.0,0.0,14.0,0.0,4.0
1363,2.0,0.0,21.0,9.0,3.0
1364,2.0,0.0,26.0,5.0,1.0
1365,3.0,2.0,3034.0,3.0,14.0
1366,3.0,0.0,32.0,3.0,3.0
1367,5.0,0.0,5056.0,4.0,12.0
1368,3.0,2.0,3036.0,2.0,11.0
1369,2.0,2.0,2023.0,3.0,11.0
1370,2.0,2.0,2026.0,4.0,20.0
1371,1.0,2.0,1015.0,6.0,14.0
1372,2.0,1.0,24.0,8.0,2.0
1373,6.0,0.0,6063.0,1.0,16.0
1374,5.0,1.0,5050.0,2.0,14.0
1375,4.0,0.0,47.0,0.0,6.0
1376,2.0,0.0,23.0,2.0,1.0
1377,6.0,2.0,6065.0,6.0,15.0
1378,2.0,2.0,2023.0,2.0,13.0
1379,1.0,3.0,1013.0,1.0,16.0
1380,2.0,2.0,2032.0,2.0,15.0
1381,3.0,1.0,3035.0,6.0,17.0
1382,6.0,0.0,6063.0,3.0,15.0
1383,1.0,0.0,16.0,5.0,5.0
1384,5.0,2.0,5052.0,1.0,12.0
1385,7.0,3.0,7075.0,3.0,14.0
1386,4.0,0.0,4045.0,8.0,15.0
1387,3.0,0.0,37.0,2.0,3.0
1388,2.0,0.0,23.0,10.0,3.0
1389,10.0,1.0,10102.0,3.0,11.0
1390,2.0,2.0,2022.0,8.0,14.0
1391,4.0,0.0,41.0,4.0,8.0
1392,2.0,0.0,23.0,1.0,4.0
1393,1.0,1.0,11.0,0.0,0.0
1394,5.0,1.0,5059.0,4.0,11.0
1395,2.0,2.0,2026.0,3.0,10.0
1396,1.0,3.0,1013.0,5.0,12.0
1397,1.0,3.0,1014.0,10.0,13.0
1398,3.0,0.0,38.0,0.0,0.0
1399,2.0,3.0,2025.0,2.0,20.0
1400,1.0,1.0,14.0,3.0,10.0
1401,1.0,0.0,13.0,4.0,3.0
1402,1.0,0.0,16.0,5.0,1.0
1403,5.0,0.0,5054.0,6.0,17.0
1404,1.0,0.0,15.0,2.0,1.0
1405,6.0,2.0,6066.0,13.0,12.0
1406,5.0,0.0,5052.0,8.0,13.0
1407,3.0,0.0,3035.0,3.0,14.0
1408,2.0,2.0,2021.0,1.0,13.0
1409,3.0,2.0,3033.0,5.0,12.0
1410,1.0,0.0,10.0,5.0,5.0
1411,2.0,0.0,26.0,2.0,4.0
1412,7.0,1.0,7076.0,3.0,14.0
1413,2.0,1.0,24.0,6.0,0.0
1414,4.0,0.0,43.0,5.0,5.0
1415,1.0,2.0,1012.0,4.0,13.0
1416,2.0,0.0,21.0,5.0,6.0
1417,5.0,3.0,5054.0,5.0,11.0
1418,3.0,0.0,3037.0,8.0,16.0
1419,3.0,3.0,3033.0,10.0,12.0
1420,9.0,0.0,9094.0,7.0,11.0
1421,5.0,2.0,5053.0,14.0,12.0
1422,7.0,2.0,7075.0,3.0,18.0
1423,2.0,2.0,22.0,5.0,3.0
1424,2.0,1.0,26.0,3.0,8.0
1425,4.0,2.0,4046.0,3.0,11.0
1426,5.0,2.0,5054.0,8.0,14.0
1427,1.0,1.0,14.0,11.0,3.0
1428,2.0,0.0,26.0,4.0,3.0
1429,4.0,0.0,4049.0,3.0,16.0
1430,3.0,0.0,33.0,4.0,3.0
1431,3.0,3.0,3037.0,2.0,16.0
1432,3.0,2.0,3033.0,9.0,14.0
1433,3.0,0.0,34.0,1.0,4.0
1434,4.0,1.0,4044.0,2.0,14.0
1435,5.0,0.0,5054.0,1.0,13.0
1436,2.0,0.0,27.0,2.0,2.0
1437,2.0,2.0,2023.0,13.0,14.0
1438,2.0,2.0,2024.0,4.0,11.0
1439,4.0,0.0,4044.0,4.0,13.0
1440,3.0,1.0,3035.0,1.0,10.0
1441,3.0,0.0,35.0,1.0,8.0
1442,0.0,0.0,6.0,4.0,0.0
1443,7.0,2.0,7073.0,7.0,12.0
1444,4.0,2.0,4044.0,10.0,15.0
1445,4.0,1.0,4042.0,1.0,10.0
1446,2.0,0.0,21.0,2.0,4.0
1447,3.0,0.0,35.0,9.0,7.0
1448,2.0,0.0,21.0,3.0,4.0
1449,6.0,2.0,6065.0,1.0,17.0
1450,6.0,1.0,6067.0,2.0,18.0
1451,3.0,2.0,3035.0,4.0,12.0
1452,4.0,0.0,43.0,2.0,4.0
1453,1.0,2.0,1017.0,8.0,19.0
1454,1.0,1.0,15.0,7.0,0.0
1455,3.0,2.0,3033.0,7.0,13.0
1456,2.0,2.0,2027.0,3.0,14.0
1457,2.0,2.0,2026.0,6.0,11.0
1458,0.0,3.0,4.0,7.0,15.0
1459,2.0,1.0,2029.0,16.0,12.0
1460,5.0,0.0,5053.0,5.0,15.0
1461,1.0,2.0,1011.0,3.0,18.0
1462,2.0,2.0,2025.0,6.0,13.0
1463,0.0,0.0,1.0,6.0,2.0
1464,0.0,0.0,3.0,1.0,2.0
1465,10.0,2.0,10108.0,5.0,18.0
1466,0.0,2.0,5.0,2.0,10.0
1467,1.0,0.0,15.0,7.0,6.0
1468,2.0,0.0,22.0,2.0,5.0
1469,2.0,3.0,2022.0,4.0,13.0
1470,2.0,0.0,26.0,10.0,3.0
1471,1.0,0.0,10.0,2.0,8.0
1472,2.0,0.0,23.0,4.0,10.0
1473,2.0,0.0,22.0,1.0,3.0
1474,1.0,3.0,1015.0,4.0,16.0
1475,2.0,1.0,2020.0,6.0,16.0
1476,2.0,0.0,22.0,3.0,1.0
1477,1.0,0.0,14.0,7.0,13.0
1478,4.0,0.0,4047.0,2.0,13.0
1479,2.0,1.0,21.0,6.0,4.0
1480,0.0,2.0,4.0,4.0,10.0
1481,1.0,0.0,13.0,1.0,3.0
1482,9.0,2.0,9093.0,4.0,15.0
1483,0.0,1.0,8.0,3.0,7.0
1484,1.0,1.0,18.0,5.0,3.0
1485,2.0,1.0,20.0,1.0,1.0
1486,0.0,0.0,3.0,2.0,5.0
1487,3.0,1.0,3033.0,6.0,10.0
1488,2.0,2.0,2025.0,3.0,11.0
1489,3.0,0.0,3037.0,4.0,12.0
1490,2.0,3.0,2025.0,11.0,12.0
1491,5.0,0.0,5056.0,6.0,11.0
1492,3.0,2.0,3035.0,9.0,15.0
1493,6.0,2.0,6068.0,2.0,10.0
1494,0.0,0.0,5.0,2.0,4.0
1495,1.0,1.0,10.0,3.0,6.0
1496,3.0,1.0,3037.0,5.0,17.0
1497,6.0,2.0,6066.0,4.0,13.0
1498,5.0,0.0,5057.0,3.0,23.0
1499,2.0,1.0,24.0,0.0,2.0
1500,3.0,0.0,32.0,9.0,2.0
1501,3.0,0.0,34.0,19.0,5.0
1502,4.0,3.0,4044.0,10.0,15.0
1503,5.0,1.0,5053.0,2.0,10.0
1504,0.0,2.0,6.0,5.0,14.0
1505,3.0,2.0,3035.0,9.0,12.0
1506,1.0,1.0,13.0,2.0,3.0
1507,5.0,0.0,5053.0,12.0,15.0
1508,2.0,2.0,2022.0,2.0,11.0
1509,8.0,2.0,8087.0,2.0,16.0
1510,3.0,1.0,3037.0,4.0,11.0
1511,1.0,0.0,14.0,3.0,4.0
1512,2.0,0.0,23.0,6.0,2.0
1513,4.0,2.0,4044.0,6.0,11.0
1514,5.0,2.0,5054.0,5.0,17.0
1515,8.0,0.0,8083.0,4.0,18.0
1516,2.0,1.0,25.0,10.0,5.0
1517,2.0,1.0,21.0,0.0,7.0
1518,3.0,2.0,3034.0,3.0,12.0
1519,1.0,1.0,12.0,0.0,3.0
1520,2.0,0.0,23.0,0.0,0.0
1521,9.0,0.0,9094.0,3.0,11.0
1522,6.0,2.0,6062.0,12.0,17.0
1523,1.0,0.0,19.0,5.0,0.0
1524,0.0,2.0,2.0,3.0,5.0
1525,2.0,3.0,2026.0,4.0,10.0
1526,4.0,2.0,4042.0,1.0,15.0
1527,1.0,3.0,1021.0,19.0,12.0
1528,2.0,1.0,25.0,5.0,19.0
1529,3.0,2.0,3032.0,2.0,16.0
1530,3.0,1.0,3033.0,10.0,11.0
1531,4.0,2.0,4043.0,5.0,16.0
1532,8.0,0.0,8082.0,4.0,18.0
1533,0.0,0.0,6.0,1.0,2.0
1534,4.0,0.0,4046.0,2.0,13.0
1535,0.0,0.0,7.0,1.0,3.0
1536,1.0,0.0,13.0,2.0,2.0
1537,0.0,0.0,3.0,12.0,3.0
1538,3.0,2.0,3032.0,6.0,13.0
1539,1.0,2.0,1012.0,1.0,10.0
1540,1.0,2.0,1014.0,6.0,13.0
1541,7.0,1.0,7078.0,1.0,13.0
1542,4.0,2.0,4044.0,7.0,11.0
1543,5.0,0.0,5056.0,3.0,15.0
1544,7.0,0.0,7074.0,5.0,11.0
1545,5.0,0.0,5057.0,2.0,13.0
1546,3.0,0.0,3032.0,3.0,10.0
1547,7.0,2.0,7075.0,6.0,13.0
1548,4.0,0.0,4041.0,1.0,18.0
1549,3.0,0.0,35.0,2.0,1.0
1550,3.0,0.0,34.0,2.0,7.0
1551,3.0,0.0,3035.0,1.0,11.0
1552,6.0,2.0,6066.0,5.0,19.0
1553,2.0,1.0,2021.0,2.0,14.0
1554,4.0,0.0,4042.0,9.0,11.0
1555,4.0,2.0,4046.0,3.0,16.0
1556,2.0,1.0,2025.0,8.0,11.0
1557,3.0,1.0,3037.0,2.0,13.0
1558,1.0,1.0,17.0,3.0,13.0
1559,6.0,2.0,6064.0,7.0,19.0
1560,6.0,0.0,6061.0,4.0,16.0
1561,1.0,0.0,14.0,6.0,3.0
1562,2.0,1.0,26.0,0.0,2.0
1563,3.0,1.0,3030.0,1.0,12.0
1564,5.0,1.0,5052.0,4.0,18.0
1565,4.0,0.0,4042.0,7.0,16.0
1566,3.0,0.0,37.0,3.0,6.0
1567,6.0,1.0,6063.0,7.0,13.0
1568,5.0,1.0,5056.0,2.0,15.0
1569,2.0,3.0,2030.0,1.0,17.0
1570,3.0,2.0,3033.0,1.0,12.0
1571,2.0,2.0,2024.0,18.0,14.0
1572,2.0,2.0,2023.0,8.0,16.0
1573,0.0,0.0,1.0,4.0,4.0
1574,5.0,1.0,5055.0,6.0,15.0
1575,1.0,0.0,15.0,2.0,1.0
1576,2.0,1.0,22.0,1.0,2.0
1577,8.0,0.0,8083.0,3.0,14.0
1578,2.0,1.0,24.0,0.0,6.0
1579,1.0,0.0,16.0,9.0,2.0
1580,3.0,2.0,3031.0,5.0,11.0
1581,0.0,0.0,2.0,4.0,3.0
1582,3.0,0.0,3037.0,2.0,17.0
1583,3.0,0.0,32.0,3.0,4.0
1584,4.0,2.0,4044.0,1.0,11.0
1585,1.0,2.0,12.0,1.0,3.0
1586,2.0,2.0,2024.0,5.0,13.0
1587,6.0,0.0,6063.0,6.0,13.0
1588,4.0,0.0,4046.0,7.0,13.0
1589,1.0,2.0,1017.0,2.0,17.0
1590,2.0,1.0,2022.0,1.0,15.0
1591,1.0,1.0,15.0,1.0,3.0
1592,3.0,1.0,3034.0,1.0,12.0
1593,4.0,1.0,4043.0,2.0,14.0
1594,5.0,0.0,5050.0,4.0,14.0
1595,3.0,0.0,36.0,7.0,2.0
1596,8.0,3.0,8083.0,1.0,12.0
1597,4.0,2.0,4045.0,4.0,16.0
1598,1.0,2.0,15.0,5.0,5.0
1599,3.0,0.0,33.0,3.0,2.0
1600,3.0,0.0,39.0,3.0,5.0
1601,7.0,0.0,7074.0,15.0,14.0
1602,0.0,0.0,2.0,1.0,7.0
1603,2.0,2.0,2024.0,8.0,12.0
1604,0.0,2.0,4.0,1.0,3.0
1605,2.0,2.0,2027.0,3.0,19.0
1606,2.0,2.0,2026.0,7.0,11.0
1607,2.0,0.0,22.0,2.0,8.0
1608,1.0,0.0,16.0,3.0,1.0
1609,2.0,1.0,22.0,3.0,1.0
1610,0.0,1.0,4.0,0.0,4.0
1611,2.0,0.0,27.0,5.0,2.0
1612,1.0,3.0,1013.0,9.0,17.0
1613,1.0,1.0,13.0,12.0,0.0
1614,1.0,2.0,1013.0,4.0,14.0
1615,3.0,2.0,3034.0,5.0,16.0
1616,1.0,0.0,18.0,5.0,1.0
1617,2.0,1.0,2024.0,1.0,13.0
1618,3.0,2.0,3037.0,2.0,12.0
1619,7.0,2.0,7071.0,1.0,15.0
1620,4.0,0.0,4043.0,2.0,20.0
1621,4.0,3.0,4043.0,4.0,15.0
1622,0.0,0.0,3.0,1.0,8.0
1623,4.0,1.0,4046.0,3.0,12.0
1624,3.0,2.0,3034.0,1.0,14.0
1625,4.0,1.0,4042.0,9.0,14.0
1626,6.0,2.0,6062.0,3.0,15.0
1627,2.0,0.0,22.0,2.0,2.0
1628,3.0,2.0,3035.0,3.0,12.0
1629,2.0,1.0,32.0,4.0,2.0
1630,6.0,0.0,6064.0,6.0,13.0
1631,0.0,0.0,3.0,2.0,7.0
1632,4.0,0.0,4041.0,4.0,13.0
1633,5.0,2.0,5059.0,2.0,15.0
1634,4.0,2.0,4041.0,2.0,11.0
1635,1.0,0.0,15.0,1.0,4.0
1636,1.0,2.0,15.0,10.0,0.0
1637,8.0,3.0,8083.0,7.0,13.0
1638,1.0,2.0,18.0,3.0,0.0
1639,1.0,0.0,14.0,0.0,4.0
1640,5.0,1.0,5053.0,6.0,13.0
1641,2.0,0.0,23.0,2.0,5.0
1642,4.0,3.0,4043.0,1.0,12.0
1643,3.0,2.0,3030.0,8.0,17.0
1644,2.0,2.0,2024.0,6.0,10.0
1645,0.0,0.0,3.0,6.0,2.0
1646,5.0,1.0,5055.0,3.0,22.0
1647,2.0,0.0,21.0,7.0,5.0
1648,3.0,2.0,3034.0,4.0,12.0
1649,4.0,0.0,4044.0,5.0,19.0
1650,2.0,0.0,25.0,0.0,3.0
1651,2.0,0.0,27.0,6.0,3.0
1652,4.0,0.0,4043.0,11.0,12.0
1653,11.0,2.0,11113.0,7.0,11.0
1654,0.0,0.0,1.0,0.0,4.0
1655,1.0,2.0,1013.0,4.0,18.0
1656,2.0,1.0,2023.0,8.0,13.0
1657,1.0,0.0,12.0,10.0,7.0
1658,4.0,0.0,4045.0,2.0,11.0
1659,2.0,0.0,27.0,2.0,4.0
1660,2.0,1.0,25.0,4.0,0.0
1661,0.0,2.0,2.0,3.0,10.0
1662,3.0,0.0,35.0,5.0,6.0
1663,4.0,2.0,4044.0,7.0,10.0
1664,4.0,0.0,4044.0,12.0,19.0
1665,5.0,0.0,5056.0,6.0,15.0
1666,3.0,3.0,3035.0,4.0,15.0
1667,6.0,0.0,6065.0,4.0,12.0
1668,5.0,2.0,5052.0,5.0,10.0
1669,2.0,0.0,22.0,1.0,1.0
1670,3.0,0.0,3032.0,7.0,15.0
1671,10.0,2.0,10107.0,2.0,20.0
1672,4.0,0.0,4044.0,6.0,13.0
1673,2.0,0.0,24.0,3.0,7.0
1674,3.0,3.0,3033.0,9.0,13.0
1675,7.0,0.0,7072.0,9.0,17.0
1676,3.0,2.0,3032.0,3.0,19.0
1677,6.0,0.0,6065.0,6.0,13.0
1678,6.0,0.0,6065.0,2.0,12.0
1679,2.0,1.0,2027.0,5.0,13.0
1680,6.0,0.0,6067.0,4.0,15.0
1681,2.0,2.0,2024.0,5.0,21.0
1682,8.0,0.0,8085.0,6.0,10.0
1683,0.0,2.0,4.0,6.0,4.0
1684,3.0,2.0,3035.0,3.0,16.0
1685,2.0,2.0,2028.0,1.0,14.0
1686,3.0,1.0,3035.0,5.0,10.0
1687,0.0,2.0,1.0,2.0,5.0
1688,5.0,2.0,5053.0,3.0,19.0
1689,1.0,0.0,16.0,2.0,3.0
1690,2.0,0.0,24.0,5.0,1.0
1691,6.0,1.0,6063.0,6.0,14.0
1692,3.0,0.0,31.0,0.0,2.0
1693,3.0,1.0,3033.0,1.0,14.0
1694,4.0,2.0,4041.0,6.0,16.0
1695,1.0,1.0,16.0,11.0,2.0
1696,7.0,1.0,7072.0,1.0,15.0
1697,2.0,2.0,2023.0,7.0,17.0
1698,3.0,2.0,3034.0,2.0,14.0
1699,2.0,2.0,2025.0,1.0,19.0
1700,6.0,2.0,6064.0,9.0,15.0
1701,6.0,2.0,6064.0,6.0,11.0
1702,2.0,2.0,2022.0,5.0,14.0
1703,3.0,2.0,3035.0,3.0,15.0
1704,3.0,1.0,3035.0,3.0,13.0
1705,4.0,2.0,4046.0,3.0,10.0
1706,3.0,1.0,3034.0,9.0,11.0
1707,2.0,1.0,25.0,2.0,6.0
1708,3.0,2.0,3033.0,9.0,15.0
1709,3.0,1.0,3032.0,1.0,16.0
1710,4.0,2.0,4043.0,4.0,15.0
1711,4.0,1.0,4042.0,7.0,15.0
1712,2.0,0.0,24.0,1.0,0.0
1713,7.0,0.0,7074.0,3.0,16.0
1714,2.0,0.0,24.0,3.0,3.0
1715,0.0,0.0,4.0,0.0,2.0
1716,1.0,2.0,1012.0,4.0,15.0
1717,2.0,1.0,2029.0,8.0,12.0
1718,2.0,0.0,22.0,2.0,5.0
1719,4.0,2.0,4040.0,2.0,10.0
1720,6.0,3.0,6062.0,2.0,17.0
1721,3.0,2.0,3037.0,2.0,20.0
1722,5.0,1.0,5055.0,3.0,15.0
1723,1.0,2.0,1014.0,6.0,11.0
1724,4.0,3.0,4046.0,5.0,17.0
1725,3.0,0.0,33.0,0.0,2.0
1726,8.0,1.0,8084.0,5.0,14.0
1727,1.0,1.0,1015.0,4.0,14.0
1728,1.0,1.0,11.0,8.0,3.0
1729,2.0,0.0,29.0,6.0,5.0
1730,4.0,2.0,4043.0,5.0,12.0
1731,0.0,2.0,2.0,3.0,0.0
1732,1.0,0.0,15.0,4.0,0.0
1733,3.0,2.0,3032.0,5.0,13.0
1734,2.0,2.0,2022.0,9.0,11.0
1735,2.0,1.0,2027.0,4.0,19.0
1736,3.0,2.0,3033.0,1.0,12.0
1737,1.0,3.0,1014.0,6.0,18.0
1738,1.0,2.0,1016.0,6.0,12.0
1739,5.0,3.0,5056.0,2.0,11.0
1740,1.0,2.0,1015.0,3.0,12.0
1741,3.0,0.0,33.0,2.0,4.0
1742,6.0,0.0,6065.0,7.0,16.0
1743,0.0,3.0,3.0,5.0,11.0
1744,1.0,0.0,13.0,4.0,3.0
1745,2.0,2.0,2024.0,2.0,13.0
1746,4.0,0.0,45.0,3.0,2.0
1747,3.0,0.0,35.0,1.0,5.0
1748,2.0,1.0,2026.0,4.0,20.0
1749,3.0,2.0,3036.0,3.0,11.0
1750,3.0,1.0,3032.0,8.0,12.0
1751,5.0,0.0,5052.0,9.0,12.0
1752,5.0,0.0,5055.0,3.0,12.0
1753,0.0,0.0,8.0,3.0,3.0
1754,2.0,0.0,22.0,0.0,4.0
1755,1.0,0.0,12.0,4.0,6.0
1756,0.0,0.0,4.0,0.0,4.0
1757,2.0,2.0,2025.0,10.0,17.0
1758,5.0,0.0,5057.0,5.0,10.0
1759,1.0,2.0,1015.0,3.0,12.0
1760,0.0,0.0,5.0,3.0,6.0
1761,0.0,2.0,4.0,3.0,0.0
1762,3.0,0.0,3034.0,1.0,15.0
1763,2.0,1.0,2025.0,12.0,14.0
1764,1.0,2.0,14.0,2.0,7.0
1765,7.0,1.0,7075.0,3.0,14.0
1766,4.0,2.0,4045.0,3.0,14.0
1767,3.0,2.0,3037.0,5.0,14.0
1768,2.0,2.0,2022.0,6.0,11.0
1769,2.0,2.0,2024.0,11.0,12.0
1770,3.0,2.0,3033.0,4.0,14.0
1771,1.0,2.0,1014.0,1.0,13.0
1772,2.0,3.0,2027.0,4.0,14.0
1773,1.0,2.0,16.0,1.0,5.0
1774,1.0,1.0,15.0,2.0,3.0
1775,5.0,0.0,5058.0,5.0,25.0
1776,4.0,0.0,4043.0,5.0,13.0
1777,7.0,0.0,7076.0,2.0,14.0
1778,3.0,0.0,32.0,5.0,1.0
1779,5.0,2.0,5054.0,4.0,15.0
1780,2.0,0.0,25.0,1.0,2.0
1781,3.0,2.0,3032.0,7.0,13.0
1782,1.0,0.0,20.0,1.0,3.0
1783,6.0,1.0,6064.0,3.0,15.0
1784,2.0,1.0,2028.0,5.0,11.0
1785,2.0,1.0,2024.0,2.0,17.0
1786,4.0,1.0,4046.0,6.0,16.0
1787,3.0,0.0,33.0,1.0,8.0
1788,3.0,2.0,3032.0,3.0,12.0
1789,5.0,0.0,5054.0,8.0,16.0
1790,2.0,2.0,2022.0,6.0,16.0
1791,1.0,0.0,12.0,6.0,7.0
1792,7.0,0.0,7074.0,6.0,17.0
1793,4.0,0.0,4044.0,5.0,10.0
1794,4.0,0.0,4044.0,3.0,11.0
1795,7.0,1.0,7073.0,8.0,12.0
1796,3.0,2.0,3032.0,1.0,11.0
1797,2.0,0.0,25.0,2.0,5.0
1798,4.0,0.0,4047.0,2.0,16.0
1799,0.0,0.0,6.0,8.0,2.0
1800,2.0,0.0,27.0,0.0,6.0
1801,4.0,0.0,4048.0,1.0,18.0
1802,3.0,2.0,3032.0,3.0,16.0
1803,1.0,0.0,13.0,2.0,4.0
1804,6.0,0.0,6065.0,3.0,14.0
1805,2.0,2.0,2027.0,4.0,12.0
1806,2.0,3.0,2024.0,9.0,16.0
1807,4.0,3.0,4042.0,5.0,10.0
1808,10.0,0.0,10104.0,7.0,20.0
1809,3.0,1.0,3032.0,3.0,16.0
1810,6.0,0.0,6061.0,6.0,10.0
1811,0.0,0.0,4.0,3.0,5.0
1812,1.0,2.0,1017.0,4.0,15.0
1813,2.0,3.0,2023.0,2.0,16.0
1814,7.0,0.0,7076.0,3.0,14.0
1815,3.0,1.0,3034.0,5.0,16.0
1816,5.0,0.0,5055.0,5.0,11.0
1817,6.0,0.0,6065.0,3.0,14.0
1818,2.0,2.0,2023.0,4.0,11.0
1819,3.0,3.0,3035.0,2.0,10.0
1820,1.0,2.0,1015.0,1.0,11.0
1821,2.0,1.0,2026.0,5.0,17.0
1822,2.0,0.0,22.0,0.0,1.0
1823,3.0,0.0,36.0,1.0,10.0
1824,1.0,0.0,13.0,4.0,4.0
1825,8.0,0.0,8083.0,3.0,15.0
1826,5.0,0.0,5052.0,5.0,14.0
1827,2.0,0.0,21.0,2.0,2.0
1828,3.0,2.0,3035.0,12.0,10.0
1829,4.0,3.0,4051.0,5.0,13.0
1830,2.0,0.0,25.0,0.0,4.0
1831,6.0,0.0,6066.0,6.0,12.0
1832,1.0,1.0,14.0,1.0,11.0
1833,2.0,2.0,2031.0,10.0,10.0
1834,4.0,0.0,4050.0,7.0,12.0
1835,3.0,1.0,3036.0,7.0,13.0
1836,3.0,0.0,3037.0,4.0,11.0
1837,5.0,0.0,5055.0,14.0,13.0
1838,3.0,0.0,35.0,12.0,2.0
1839,7.0,0.0,7072.0,7.0,13.0
1840,3.0,0.0,34.0,1.0,6.0
1841,4.0,3.0,4042.0,6.0,14.0
1842,1.0,2.0,14.0,1.0,5.0
1843,2.0,0.0,27.0,6.0,5.0
1844,1.0,1.0,11.0,10.0,2.0
1845,0.0,1.0,6.0,9.0,1.0
1846,5.0,3.0,5057.0,2.0,15.0
1847,5.0,0.0,5052.0,4.0,13.0
1848,4.0,0.0,4045.0,6.0,16.0
1849,3.0,0.0,33.0,2.0,7.0
1850,2.0,0.0,23.0,7.0,1.0
1851,4.0,3.0,4046.0,7.0,16.0
1852,0.0,0.0,1.0,6.0,1.0
1853,5.0,1.0,5058.0,8.0,11.0
1854,5.0,2.0,5052.0,7.0,16.0
1855,7.0,1.0,7073.0,5.0,15.0
1856,4.0,2.0,4043.0,1.0,13.0
1857,6.0,1.0,6066.0,1.0,13.0
1858,3.0,2.0,3036.0,3.0,13.0
1859,3.0,0.0,3033.0,2.0,15.0
1860,1.0,2.0,1016.0,1.0,12.0
1861,3.0,0.0,34.0,6.0,4.0
1862,3.0,0.0,3033.0,3.0,11.0
1863,1.0,0.0,12.0,3.0,2.0
1864,2.0,2.0,2022.0,3.0,17.0
1865,2.0,0.0,22.0,5.0,0.0
1866,4.0,2.0,4043.0,3.0,15.0
1867,3.0,0.0,37.0,10.0,3.0
1868,1.0,0.0,14.0,7.0,3.0
1869,7.0,0.0,7077.0,4.0,19.0
1870,4.0,0.0,4041.0,4.0,16.0
1871,4.0,1.0,4045.0,8.0,12.0
1872,1.0,2.0,15.0,7.0,2.0
1873,4.0,2.0,4045.0,10.0,13.0
1874,6.0,0.0,6062.0,11.0,14.0
1875,0.0,3.0,5.0,2.0,15.0
1876,3.0,2.0,3031.0,8.0,16.0
1877,5.0,3.0,5057.0,8.0,13.0
1878,3.0,0.0,3035.0,5.0,11.0
1879,2.0,0.0,22.0,1.0,6.0
1880,1.0,1.0,18.0,2.0,5.0
1881,1.0,1.0,17.0,1.0,7.0
1882,1.0,1.0,16.0,3.0,5.0
1883,1.0,0.0,14.0,8.0,2.0
1884,6.0,2.0,6061.0,2.0,14.0
1885,5.0,1.0,5054.0,6.0,12.0
1886,3.0,0.0,33.0,3.0,0.0
1887,2.0,0.0,21.0,6.0,7.0
1888,4.0,0.0,4044.0,3.0,19.0
1889,2.0,0.0,23.0,2.0,1.0
1890,3.0,1.0,3034.0,11.0,18.0
1891,4.0,1.0,4044.0,10.0,14.0
1892,2.0,0.0,29.0,6.0,4.0
1893,3.0,2.0,3037.0,9.0,14.0
1894,1.0,2.0,1014.0,5.0,14.0
1895,4.0,1.0,4048.0,10.0,12.0
1896,3.0,0.0,35.0,4.0,3.0
1897,1.0,2.0,1015.0,4.0,12.0
1898,4.0,3.0,4043.0,4.0,12.0
1899,6.0,2.0,6064.0,7.0,10.0
1900,5.0,3.0,5057.0,15.0,17.0
1901,3.0,2.0,3033.0,3.0,17.0
1902,6.0,0.0,6064.0,4.0,15.0
1903,3.0,0.0,39.0,6.0,3.0
1904,2.0,2.0,2024.0,1.0,11.0
1905,2.0,2.0,2024.0,5.0,11.0
1906,3.0,2.0,3033.0,2.0,16.0
1907,6.0,0.0,6065.0,11.0,14.0
1908,5.0,0.0,5050.0,9.0,22.0
1909,1.0,2.0,1016.0,5.0,11.0
1910,5.0,0.0,5053.0,8.0,15.0
1911,6.0,0.0,6062.0,5.0,12.0
1912,6.0,2.0,6070.0,1.0,15.0
1913,5.0,1.0,5057.0,1.0,14.0
1914,0.0,1.0,7.0,10.0,10.0
1915,2.0,1.0,22.0,4.0,2.0
1916,2.0,2.0,2021.0,4.0,13.0
1917,3.0,0.0,33.0,10.0,3.0
1918,3.0,2.0,3032.0,5.0,15.0
1919,0.0,1.0,6.0,12.0,3.0
1920,1.0,2.0,1012.0,3.0,13.0
1921,3.0,2.0,3034.0,5.0,14.0
1922,3.0,1.0,36.0,4.0,3.0
1923,3.0,2.0,3031.0,5.0,15.0
1924,4.0,3.0,4044.0,3.0,17.0
1925,2.0,0.0,24.0,4.0,2.0
1926,5.0,0.0,5056.0,2.0,15.0
1927,3.0,0.0,36.0,3.0,4.0
1928,3.0,0.0,34.0,11.0,8.0
1929,0.0,2.0,2.0,1.0,4.0
1930,2.0,3.0,2023.0,4.0,11.0
1931,4.0,0.0,4047.0,5.0,13.0
1932,6.0,0.0,6062.0,9.0,11.0
1933,9.0,3.0,9094.0,4.0,16.0
1934,2.0,3.0,2022.0,9.0,12.0
1935,3.0,0.0,34.0,19.0,0.0
1936,4.0,1.0,4044.0,6.0,12.0
1937,1.0,0.0,16.0,2.0,2.0
1938,2.0,3.0,2022.0,4.0,18.0
1939,1.0,3.0,1015.0,3.0,11.0
1940,2.0,0.0,22.0,0.0,11.0
1941,2.0,1.0,24.0,7.0,4.0
1942,2.0,2.0,2026.0,4.0,12.0
1943,1.0,1.0,16.0,7.0,0.0
1944,4.0,1.0,4045.0,7.0,11.0
1945,6.0,0.0,6065.0,7.0,13.0
1946,2.0,2.0,2027.0,7.0,14.0
1947,6.0,1.0,6062.0,1.0,14.0
1948,2.0,0.0,23.0,3.0,6.0
1949,5.0,1.0,5055.0,8.0,13.0
1950,2.0,1.0,2024.0,1.0,13.0
1951,0.0,2.0,4.0,7.0,4.0
1952,1.0,1.0,12.0,7.0,1.0
1953,3.0,0.0,35.0,9.0,4.0
1954,4.0,2.0,4043.0,2.0,15.0
1955,1.0,1.0,12.0,2.0,3.0
1956,3.0,2.0,3033.0,9.0,11.0
1957,2.0,2.0,2021.0,12.0,14.0
1958,1.0,0.0,15.0,1.0,3.0
1959,4.0,0.0,45.0,1.0,4.0
1960,4.0,2.0,4044.0,4.0,10.0
1961,0.0,0.0,5.0,1.0,4.0
1962,5.0,2.0,5054.0,2.0,12.0
1963,2.0,0.0,23.0,9.0,7.0
1964,3.0,0.0,33.0,3.0,2.0
1965,5.0,2.0,5053.0,14.0,15.0
1966,4.0,2.0,4043.0,3.0,12.0
1967,2.0,0.0,26.0,3.0,3.0
1968,4.0,0.0,4044.0,4.0,14.0
1969,3.0,2.0,3033.0,2.0,10.0
1970,0.0,2.0,7.0,0.0,2.0
1971,1.0,3.0,1017.0,5.0,12.0
1972,2.0,1.0,25.0,1.0,1.0
1973,3.0,1.0,3030.0,5.0,11.0
1974,0.0,3.0,2.0,3.0,14.0
1975,2.0,2.0,2024.0,6.0,13.0
1976,6.0,2.0,6063.0,6.0,13.0
1977,6.0,2.0,6062.0,8.0,16.0
1978,3.0,0.0,37.0,5.0,6.0
1979,4.0,1.0,4045.0,4.0,15.0
1980,2.0,1.0,2025.0,1.0,12.0
1981,4.0,3.0,4044.0,2.0,12.0
1982,7.0,2.0,7075.0,4.0,15.0
1983,3.0,3.0,3036.0,9.0,11.0
1984,2.0,3.0,2025.0,2.0,15.0
1985,6.0,3.0,6061.0,4.0,18.0
1986,4.0,0.0,4046.0,3.0,11.0
1987,3.0,1.0,39.0,10.0,3.0
1988,2.0,2.0,2027.0,12.0,13.0
1989,2.0,2.0,2023.0,4.0,15.0
1990,5.0,2.0,5053.0,3.0,13.0
1991,4.0,3.0,4045.0,9.0,13.0
1992,6.0,1.0,6066.0,3.0,15.0
1993,5.0,0.0,5058.0,7.0,11.0
1994,1.0,3.0,1012.0,2.0,14.0
1995,5.0,1.0,5053.0,8.0,12.0
1996,3.0,2.0,3034.0,7.0,11.0
1997,2.0,2.0,2020.0,12.0,12.0
1998,2.0,1.0,27.0,5.0,2.0
1999,1.0,2.0,1017.0,4.0,16.0
