,x1,x2,x3
2000,-2.1857562,-1.2594812,-3.344657
2001,0.53044677,-0.024924874,0.95390505
2002,0.9444006,2.9757452,6.2300034
2003,-2.5947487,-3.9027414,-7.1274276
2004,-0.41799465,-1.3949708,-2.374614
2005,0.25937897,0.4447505,1.2888443
2006,0.60289675,2.1043339,3.9000266
2007,0.28722817,0.36499622,0.3871373
2008,0.43495592,0.6659931,2.542829
2009,-0.46196204,-0.33546492,1.3424164
2010,0.4448977,-0.46970302,1.4267195
2011,0.18796366,0.08055259,-1.0246718
2012,0.45847046,0.40280876,3.572124
2013,1.0205691,1.4100376,3.3812377
2014,1.9976875,4.668782,8.2167
2015,1.2581079,1.5136014,4.832627
2016,-0.6742905,0.06232083,-1.5800235
2017,-0.51206106,-1.6240387,-3.2485485
2018,-0.10873747,-0.020921446,1.0096912
2019,0.0737231,-1.4843093,-1.8470997
2020,-1.9484918,-2.6878188,-4.1781325
2021,-0.369787,0.09388539,-0.7014924
2022,-0.82444435,1.0354078,0.019376054
2023,-1.3164293,-1.0113335,-0.6741921
2024,-0.2985822,-0.7395208,0.36384654
2025,0.3393864,-0.32033128,1.2805998
2026,0.82862616,0.47633147,0.95659196
2027,-0.44983697,0.89481974,1.274246
2028,-1.0165701,-1.5653558,-3.0299287
2029,-1.9370815,-2.5296428,-3.6908038
2030,1.7909712,2.8941586,6.3904624
2031,-2.132829,-2.5722742,-3.0117073
2032,0.82782865,0.8490607,3.5489242
2033,-1.2193853,-2.081917,-3.1483388
2034,-1.0688967,-0.955524,-1.1568923
2035,0.090819106,2.004364,3.328565
2036,-0.20225887,-1.8091409,-3.5924788
2037,-1.1830885,-0.95536035,-2.426614
2038,0.27031106,-0.16138643,-1.5514123
2039,1.5162423,0.97839713,3.4007118
2040,0.0322258,-0.19900514,-1.3199847
2041,0.12347622,-1.8560821,-1.6700137
2042,-1.98741,-2.2685587,-4.2198534
2043,0.1921098,-0.30910596,0.24055633
2044,-1.7309635,0.5929816,-1.5674639
2045,0.22884767,-0.66042745,-0.3888304
2046,0.5008724,0.09797886,1.1328961
2047,-0.82120353,0.12686503,-0.17677504
2048,3.1954048,2.495583,5.48199
2049,-1.2076085,-0.3856656,-1.2264712
2050,0.0114242565,1.4724815,-0.67402506
2051,0.53861,0.62711024,2.2965722
2052,-1.3347601,-1.7506292,-2.2102747
2053,-1.3120841,1.1660954,1.0692682
2054,0.9502284,0.7370142,3.4858882
2055,-0.80838567,-1.5127916,-2.4194806
2056,0.043669388,0.36714864,3.1854281
2057,-0.06596088,2.9648523,4.4872975
2058,-1.2920457,-0.46051806,-0.7913829
2059,0.70873624,-0.18088245,-0.020402193
2060,-0.3071465,-1.5270383,-4.075261
2061,-0.29168385,0.2781353,-0.37385917
2062,-0.9660431,-0.060074627,-3.7239714
2063,-0.65385705,-0.62723166,-0.5233233
2064,-0.5365469,0.051159382,1.3014994
2065,0.18322667,1.8954055,2.3080814
2066,-0.35517895,-0.7976768,-1.1264453
2067,0.3410819,0.99196446,2.0094514
2068,1.6449468,1.1500456,3.9663448
2069,0.37298477,0.48520744,2.0675616
2070,1.0107758,0.34032005,4.4258294
2071,-1.497649,-1.2326488,-2.8783946
2072,0.037968352,-0.08538547,0.11160712
2073,-0.5269343,-0.94535714,-0.3379284
2074,0.73453015,1.1156136,1.8806505
2075,1.6796674,0.5954672,3.3451757
2076,1.0446799,0.6843351,2.8941295
2077,-0.94018805,-2.4599338,-3.074959
2078,0.9126842,1.1569519,1.8481
2079,0.4295303,0.34981915,1.8575629
2080,0.5254516,0.673145,2.043962
2081,0.7350578,0.78224695,2.8980393
2082,0.1633474,0.8353828,0.85890543
2083,0.22568814,-0.3773715,1.2065266
2084,-1.0600408,-0.38955355,-2.323155
2085,-0.79563683,0.21062022,0.8898579
2086,-2.3278208,-1.0514455,-2.8246672
2087,-1.5229167,-2.2698507,-4.6531315
2088,-1.2566038,0.37338746,-1.3035104
2089,-1.1269536,-1.2039375,-1.6773
2090,-0.09117812,-0.84201115,0.5242666
2091,0.6511532,0.6335585,0.5844971
2092,-0.34216633,-1.396291,-1.1534824
2093,-0.6083107,-1.0901763,-1.3190885
2094,-0.54329425,-1.7067175,-2.247938
2095,-0.59093386,1.6525068,2.5577636
2096,-0.5865551,-0.15707102,-1.0781757
2097,0.39795512,0.94470924,3.1867676
2098,-0.68398297,-0.8979838,-2.5061142
2099,0.9445598,2.4555118,4.8729324
2100,-0.8525029,-2.586256,-0.89768004
2101,1.8896506,3.5492606,6.5349555
2102,-0.739955,-0.3419879,-1.2346077
2103,-1.3022064,-0.17767787,-1.736754
2104,-1.711061,0.08838868,-2.0266774
2105,-0.043046523,0.88648134,3.1054187
2106,0.00985988,0.21638693,2.4342694
2107,0.31999597,0.09353976,1.3530902
2108,0.9615152,-0.21151018,0.74025095
2109,-0.007767059,-1.3542196,-0.63181144
2110,0.5855186,0.10461965,3.0591612
2111,0.13769719,0.9222003,1.2381885
2112,0.523451,0.5999375,1.9403386
2113,0.49045178,-0.50178313,2.4681623
2114,-1.7377601,-2.841813,-5.7991896
2115,0.29075778,1.4960477,3.2933629
2116,0.6161071,1.4152251,3.3877337
2117,1.3354577,-0.116585374,0.9235693
2118,3.1066391,2.4232285,5.155638
2119,-0.6638968,0.62850606,1.0617123
2120,-0.16978724,0.9464411,0.16230524
2121,1.5475913,1.9248234,4.7078495
2122,0.40279326,0.7985215,1.6629759
2123,0.0601064,0.586643,-0.0976249
2124,-1.1306133,-2.659982,-2.798229
2125,0.21033937,0.8577104,0.6596663
2126,1.3171755,0.8564073,4.206705
2127,2.5703142,2.906268,6.269898
2128,0.9743687,-0.92927325,1.339822
2129,0.23036261,0.36522323,0.5416851
2130,-0.4769003,0.15976897,-0.5154766
2131,0.010026326,1.0065831,2.0759392
2132,-0.030184358,-0.353563,-0.48789364
2133,-0.55844575,-0.23886427,-0.45508677
2134,-0.13065845,-2.4861062,-1.7990344
2135,0.52501976,-1.0060612,-0.19761243
2136,-1.3914305,-1.5527449,-4.4595947
2137,0.87963927,-0.27796805,3.4299264
2138,-0.67812806,1.3960502,0.94241875
2139,-0.6652164,0.64342076,-0.863566
2140,1.6259279,2.7108793,5.300047
2141,-0.8913862,-1.5190451,-1.6568117
2142,0.9230583,0.84358215,2.7200642
2143,0.43962052,2.22329,3.171716
2144,0.27086186,1.6747949,2.6876779
2145,-1.3277358,-3.0472536,-4.367
2146,-0.58152324,-1.4624887,-1.5505363
2147,-0.9029909,-1.7336037,-3.1540532
2148,0.25091964,1.3357449,2.723759
2149,-0.5502525,-0.85569036,-1.9273357
2150,-1.5609794,-1.109891,-2.0445802
2151,-0.81332636,-0.33299538,-1.7920232
2152,0.56382143,0.78412575,1.0388156
2153,-0.70646966,-0.9709172,0.040644884
2154,-1.3630255,-1.5880346,-4.266012
2155,1.0779605,1.2175813,5.087984
2156,0.10165219,1.7319142,2.9607856
2157,1.3654516,-0.66573644,1.2324829
2158,0.9080947,0.4070887,2.910905
2159,0.046232507,0.22357209,0.4518445
2160,0.78904027,1.3402343,3.3025339
2161,0.71035975,-0.21746027,1.9946017
2162,-1.3754644,-0.46282387,-0.9506917
2163,-1.1456659,0.2363112,1.0063136
2164,-0.7580196,-1.9437506,-3.32758
2165,0.025208846,-0.29946727,-2.5299587
2166,-1.8809775,-3.5803857,-4.2913675
2167,0.27675897,0.5272941,0.19658315
2168,-0.23478274,-0.6229984,-0.6909267
2169,-0.16751343,-0.88661766,-2.8645687
2170,0.9818529,1.6900342,1.2936585
2171,-0.13513187,-0.4592102,1.9988737
2172,-1.8902572,-3.166367,-3.464095
2173,-0.53261197,-1.0015811,-3.3036332
2174,-0.7032403,0.0340932,-1.832855
2175,0.37645376,0.8448453,2.0364885
2176,-2.3198926,-1.0340245,-4.367239
2177,-0.021179907,-1.5190914,-3.189375
2178,1.3001556,1.6814804,3.1267972
2179,1.1690065,-0.29813325,1.5191083
2180,-1.3961616,-0.79532844,-0.52413297
2181,0.4391105,-0.3054479,-0.73903817
2182,0.58286583,0.6876828,1.809706
2183,2.3441904,2.395293,5.2157264
2184,1.9811883,2.21551,4.436601
2185,1.8995482,1.8045217,5.428549
2186,-1.2664158,-1.8454247,-4.285792
2187,0.48890248,-0.59933555,2.4893618
2188,0.46203434,0.7533707,1.8441801
2189,-0.43978694,-1.8103322,-1.0651113
2190,-0.47772744,-2.0638082,-2.9374442
2191,0.1810611,0.17420664,0.7396506
2192,0.12375113,0.747972,2.9831629
2193,2.96388,3.4827776,7.321611
2194,-1.3904618,-1.3849524,-1.1683967
2195,-1.272839,-0.6835395,-1.1938593
2196,-0.29535976,-0.39652732,1.033168
2197,-0.8506049,-2.1441178,-2.0555758
2198,-1.0734586,-0.87102324,-1.7372518
2199,0.36684927,1.0864464,2.3412406
2200,-0.47816285,0.14026198,-0.40530252
2201,-1.8984736,-2.0176096,-4.29909
2202,0.34807187,-0.6401531,-0.9067062
2203,0.4915288,0.25750625,2.5051856
2204,0.21882856,0.65674746,2.4193983
2205,0.20777817,-0.34935534,1.7313907
2206,2.8192177,2.4619472,5.029947
2207,-0.4413691,-0.25760603,0.77779853
2208,-0.1471519,-0.6647486,0.39834875
2209,-0.51054054,1.1518083,0.06771165
2210,-0.456873,-1.4526227,-2.868211
2211,1.0497777,1.7107172,4.0754056
2212,-0.8491903,-0.19429696,-0.0951972
2213,-1.1705835,-1.754823,-2.702862
2214,0.25758666,0.270298,1.6848962
2215,-0.13283499,-0.87946445,1.2697831
2216,-1.7951411,-2.0223331,-3.8550098
2217,0.8721265,-1.3583922,0.8601065
2218,0.43800282,0.7138271,0.5118253
2219,-1.58666,-2.6900845,-3.9356585
2220,0.18043147,0.3774048,2.917714
2221,1.5915698,2.7827516,6.1181045
2222,0.38755536,2.0439644,3.416926
2223,-0.31189469,0.44233522,0.9285105
2224,0.28583276,0.58941096,2.4521284
2225,1.1132333,2.5390377,2.525338
2226,0.12716584,0.43380696,3.3960323
2227,0.8197147,0.6250571,1.3353788
2228,0.56437325,-0.26211107,3.7582035
2229,0.5954001,1.2883427,2.5616245
2230,1.740581,0.96854746,4.2092743
2231,-0.054136373,-0.3073014,-0.6551274
2232,-1.4109133,-2.251675,-3.7169495
2233,0.49968106,1.8108628,4.3517733
2234,-0.36317286,-0.26144707,1.2288191
2235,-1.3448999,-1.3070179,-2.7436635
2236,-0.2688186,-1.3779752,-1.6054639
2237,-0.8344472,-1.0135014,-0.8942244
2238,0.045033917,-0.82585484,-0.90715194
2239,-1.7864543,-1.8289065,-1.1481118
2240,-1.2133098,-1.6223187,-2.6970818
2241,1.2094539,1.2859441,3.3673365
2242,-0.96749693,-2.004051,-3.715336
2243,0.44163477,0.6875992,2.847013
2244,-0.55935925,-0.75265735,-1.6261325
2245,-1.21944,-1.6909038,-2.138239
2246,-2.1511767,-1.5517335,-2.6352828
2247,1.9736918,1.1557348,3.0189419
2248,1.5847663,1.0979497,2.4636714
2249,1.8576058,1.5581571,4.65589
2250,1.1576922,1.0613369,3.1083612
2251,0.7972238,2.5942836,4.0111804
2252,-0.54988784,0.40748066,1.7474718
2253,0.36149877,-0.024788588,1.6277834
2254,-0.28039262,-0.14865895,0.842436
2255,0.22771288,-0.33443338,-1.0198936
2256,0.58305246,0.8443931,2.027689
2257,0.027031034,0.2789931,1.4180532
2258,-0.903198,0.4366591,-0.7697481
2259,-2.108851,-2.549782,-3.3184497
2260,-0.46871725,-0.55512035,-1.2622937
2261,1.1224318,0.89099884,2.8550045
2262,0.16437012,0.95243704,1.7670503
2263,1.4773304,-0.7094662,2.170863
2264,-1.0473981,-3.2391477,-2.3061843
2265,1.4176604,2.955234,6.3536735
2266,-1.4723959,-1.2284564,-1.9493848
2267,0.4581804,-2.6870675,-2.4916177
2268,-1.5365218,-1.131337,-2.2043033
2269,1.5180216,0.9724307,3.5082426
2270,-1.1192452,-2.2074382,-3.020483
2271,-0.28635868,-1.0059072,-1.8181605
2272,0.44907647,1.1276357,3.8924847
2273,0.08245354,1.2682167,1.0926342
2274,2.024891,1.2872548,3.5801606
2275,-0.6338571,-0.6823722,-0.55746496
2276,0.30346492,2.0721927,1.5211104
2277,-0.5600131,-0.050578713,0.33487916
2278,-0.2357203,-0.97310257,0.7005942
2279,-0.75012857,0.17340851,0.30598015
2280,0.41247842,0.6335981,1.2111285
2281,1.2698088,2.0295913,4.2948685
2282,1.1228251,1.0459507,1.4456031
2283,0.057200223,0.5680814,0.9491637
2284,0.13670145,1.4180427,2.2659626
2285,0.45211235,-0.14353272,0.7963308
2286,0.13519503,-0.38152593,0.9788222
2287,0.2557881,0.38044742,2.1843152
2288,-0.96693254,0.0334512,0.96503675
2289,1.774284,2.606326,4.4983163
2290,0.936112,1.106628,3.722564
2291,-1.0647248,-0.5304439,-3.0845149
2292,0.8535715,0.64501727,2.0000381
2293,-0.76858056,-1.6078163,-2.3881476
2294,-0.6777919,1.5277593,1.8211448
2295,1.1292466,0.6216191,1.7711334
2296,0.024847766,-0.13963215,-1.1391637
2297,-1.8763533,-3.6334229,-5.2399716
2298,-1.4298832,-0.96665597,-0.52469885
2299,1.0861921,0.74812675,3.041646
2300,1.1485573,1.1562244,3.3152413
2301,0.91599244,2.0674875,4.321165
2302,-0.62788516,-0.17096159,0.40925717
2303,0.7432341,1.0445714,2.4078355
2304,0.770045,1.450083,4.77061
2305,0.078829415,0.69447374,2.510974
2306,-1.1798934,-1.7245139,-5.245826
2307,0.49709892,0.9690852,2.4203322
2308,-1.0173655,-0.8555308,-3.1447222
2309,-0.75924176,-1.4982333,-1.7282153
2310,0.618274,0.9387622,1.3830067
2311,1.3930904,0.10023248,0.8376045
2312,-0.39163324,0.29583135,0.99915624
2313,0.6525113,0.3984634,2.1482553
2314,1.3114127,0.8681904,3.0308363
2315,0.59284306,1.1722054,1.7593968
2316,-0.5151234,0.76203424,2.4813352
2317,0.4431773,0.6188558,-1.4461232
2318,-0.30532545,0.16049373,-0.61108214
2319,0.1817847,-0.16925691,0.23402101
2320,0.6681075,0.29730448,3.8962219
2321,-1.1159385,1.0732557,1.2089204
2322,-2.2744966,-3.009737,-5.324693
2323,-0.8926308,-1.0277452,-3.2287302
2324,1.0344936,0.9943277,4.1010227
2325,-1.7436084,-2.6659992,-5.0850744
2326,0.22733784,0.8133502,0.6554967
2327,-1.1896558,-3.1367712,-6.26189
2328,0.36060035,-1.1596272,1.5150489
2329,1.3862572,1.2070606,5.0413127
2330,-1.0235114,-1.453222,-3.8814566
2331,1.2698684,-0.014707446,2.8852677
2332,0.1896504,0.9858773,3.7971392
2333,1.2070061,2.4602773,4.798871
2334,-0.036399245,0.22611588,-0.4079706
2335,-0.08871942,1.8075749,3.0707936
2336,-0.8881823,0.88944745,1.3961997
2337,-0.8257879,-1.1657403,-1.9353731
2338,1.2938681,1.1738325,4.6765184
2339,0.9404718,-0.1418404,0.94457877
2340,1.0968468,1.3321971,4.052353
2341,-0.6142799,-1.491673,-1.7786881
2342,1.1677557,1.0778333,4.009403
2343,-1.5803463,0.38347793,-0.32682407
2344,-0.7555154,0.81116515,0.049275875
2345,-1.0944867,-2.1007028,-4.1865287
2346,-0.5929978,0.5027878,0.07885812
2347,1.0974845,2.1365194,3.6546726
2348,-1.0354577,0.47389996,-0.87385666
2349,0.28960276,-0.46513414,-0.07170379
2350,0.35071573,-0.049135983,1.2132542
2351,0.78734154,0.7740838,2.760736
2352,0.17162843,-0.38970613,1.1295377
2353,1.2460876,0.36672604,2.632008
2354,-0.12745911,-0.69245744,-3.3323855
2355,0.11573976,0.36658078,0.30043435
2356,1.1009295,1.8978531,3.3897862
2357,-0.026891885,0.30389932,-0.7080084
2358,-1.5070863,-1.3100246,-3.3029401
2359,-0.48757732,0.35799974,-1.2947927
2360,-1.209974,-0.5047949,-1.5974753
2361,0.72216266,-0.680582,1.7129617
2362,1.4137663,1.1579598,3.2053533
2363,0.09096433,-1.6555152,-0.6295924
2364,0.6122091,2.7812536,3.2956257
2365,-0.2197482,-0.06983137,-1.3014624
2366,0.48559627,0.13153425,1.5281342
2367,0.97230375,0.14201194,1.8134489
2368,1.4033513,1.1452702,3.3616674
2369,-0.031989165,-0.67611676,-0.5622798
2370,-0.14657559,-0.11911709,1.3960161
2371,1.361654,1.1548625,3.496674
2372,1.5811838,0.3534497,3.8615022
2373,-0.44752872,-2.0314894,-2.3073368
2374,0.34824076,0.21915534,-0.81647927
2375,0.616661,0.24362484,1.4358776
2376,2.6421266,0.8514223,1.6637859
2377,-0.3708146,0.3198603,1.1323068
2378,-2.3775518,-1.6794337,-1.6149566
2379,0.16754724,2.1109338,3.170635
2380,-0.6892807,-1.1797761,-0.37119257
2381,0.11726386,1.2790623,1.7781265
2382,-0.13727412,-0.9675077,-0.8139216
2383,0.6069405,0.031038344,0.83753157
2384,0.8064708,1.6440804,1.5176561
2385,-0.6766757,-1.049439,-0.37101066
2386,0.7240919,-0.16433203,1.6739626
2387,0.4491406,2.9922602,3.8500094
2388,-0.27237472,-0.78419673,0.07843554
2389,-0.10837316,-0.038662374,1.5234371
2390,0.27341047,0.749547,2.1855493
2391,0.07345883,1.2433349,2.2292302
2392,-1.2503822,-1.2350063,-3.4396489
2393,0.6121377,1.1708533,2.6574373
2394,-0.6669887,0.85289043,0.63935924
2395,0.8907922,0.14077485,0.36654532
2396,0.03781495,1.5749261,2.0545743
2397,-0.39745855,0.35026723,2.503495
2398,-0.7925347,-0.9392752,-0.24466452
2399,-1.0226222,-0.88313293,0.57608414
2400,0.48365796,-0.7208586,-0.74941194
2401,-0.13354646,0.65248144,3.4375021
2402,-1.3595401,-1.2415881,-1.7103177
2403,0.7133881,-0.5821425,-1.5485595
2404,-1.1314824,-1.4211161,-2.1155865
2405,-1.3912565,0.14568067,-1.062281
2406,-0.84410805,-0.63327986,-1.8313072
2407,0.55678886,-0.3716944,3.1729698
2408,-0.21575575,0.6204885,2.9709826
2409,1.1382353,2.20605,2.3872218
2410,-1.9412513,-0.25039327,-2.286448
2411,0.0008845623,-0.1957404,0.04067713
2412,0.2747675,-0.54579115,0.900076
2413,0.4054361,-1.1536725,-0.4795326
2414,0.4954719,1.5137098,2.3109279
2415,0.023041818,-0.69315726,-0.23001558
2416,-1.8268939,-1.7356656,-3.5255854
2417,1.0463016,1.3715467,2.1436312
2418,1.6886097,2.0517938,3.9091763
2419,2.0037012,1.939649,5.447476
2420,2.0682874,0.5520899,3.3330874
2421,0.4802632,0.23739643,1.3906008
2422,1.3610487,1.2563683,3.605068
2423,0.62224615,-0.2419973,1.2493209
2424,-0.91839623,-0.5409637,-3.559312
2425,-0.2611741,-0.013121918,-0.59599227
2426,0.49469265,1.0705551,3.1747391
2427,-1.0434202,-1.6213562,-2.907047
2428,-1.555566,-0.87911433,-1.7360163
2429,0.2871755,0.4829958,4.299164
2430,-2.1496503,-2.6114547,-6.1329355
2431,-0.22181772,-0.15546529,0.11813244
2432,0.52438027,-0.28929305,-0.629494
2433,-0.7541701,0.19700295,-1.4002504
2434,-1.2388463,-0.25817245,-0.9970778
2435,-0.10811829,0.58102274,3.1278884
2436,-0.8767943,-1.5252281,-2.6426852
2437,1.123171,0.7244099,3.6908014
2438,-0.6768046,-0.77675736,-0.99867076
2439,-0.23356807,-0.20682222,0.27354863
2440,1.8795763,1.5652127,4.6537647
2441,1.7699399,3.5387318,7.1783414
2442,0.5004253,1.5706711,4.7495937
2443,0.47825584,0.21138605,-0.39686745
2444,0.9529668,-0.42193282,1.4279281
2445,-1.3800235,-0.5305193,-1.9716506
2446,-1.0567256,-1.9640257,-2.5645227
2447,-2.2376988,-3.1097906,-4.780843
2448,-0.3575807,0.17729136,-0.81809026
2449,-0.2000491,0.92170686,1.9731362
2450,0.8706335,0.32605493,1.4106913
2451,0.11653788,2.2537408,4.3130884
2452,-0.4289767,-1.974612,-0.44674718
2453,0.99268603,2.4508467,2.7117252
2454,-1.0597187,-0.1264326,-2.6703565
2455,1.6861246,0.8746096,2.7196734
2456,-1.3408663,-1.6478969,-3.9871159
2457,-0.075784534,-1.3891183,-0.88368744
2458,-0.8822722,-0.063462794,0.4274608
2459,-0.0634863,0.074088715,-1.1272483
2460,-0.72507113,-1.4907186,-1.9965547
2461,-0.3936812,-2.6651864,-1.8463993
2462,0.7453327,1.577528,3.5162349
2463,-0.46450782,-1.7795445,-1.7754791
2464,-1.8063643,-1.9268546,-3.9116573
2465,-0.81068003,-1.1787221,-1.2014608
2466,-1.1991289,-1.14955,-1.3551204
2467,1.9220403,2.0390878,3.2769537
2468,-0.034577724,-0.879791,-0.8948107
2469,0.27926013,0.037697136,0.16100109
2470,-1.2914401,0.48647678,1.7509017
2471,-1.3435009,-2.5390909,-4.4375486
2472,1.5052112,1.681423,4.0044894
2473,-0.87037885,-1.4395094,-1.1196917
2474,0.6668757,-0.32905447,2.3936424
2475,-0.5619248,-0.79260516,0.26308084
2476,0.38796577,1.1363053,4.6653166
2477,0.31082246,-0.47015545,-0.8585025
2478,0.5937256,1.4951245,3.4384637
2479,-0.65760267,1.0373871,0.13637757
2480,-1.5441226,-1.1045214,-3.0678947
2481,1.2818072,1.0799533,2.338694
2482,-0.11434872,0.53549933,1.1643227
2483,0.8492955,1.3648036,4.756488
2484,1.7075062,2.9107323,5.224757
2485,-0.65507823,0.27538306,1.9437448
2486,1.8437468,2.5511756,4.6433964
2487,-0.37585127,-1.746194,-1.1572187
2488,0.55129594,0.24909124,2.9714437
2489,0.042752966,-1.7928213,-2.351115
2490,0.30786437,-0.422105,-0.34981716
2491,-0.1927769,0.8715211,1.5560642
2492,1.2140609,1.7461078,4.9027076
2493,-1.453302,-0.65892744,-1.1108401
2494,-0.6290621,-0.45887518,-0.47357917
2495,0.43430573,0.34248576,-0.15052915
2496,-0.28090334,-0.10199511,-1.5454686
2497,-0.30073276,-0.24598007,-0.2830581
2498,0.11915115,-0.23204365,-0.4495324
2499,-0.8920021,-0.43191355,-0.6165974
2500,3.7766087,4.879237,8.323109
2501,0.84307784,1.9213772,2.628456
2502,-0.58585006,-1.0447018,-0.87350446
2503,-0.44957444,1.4915106,2.1147768
2504,0.5345608,0.50042945,0.9488139
2505,1.4771187,1.0686903,5.7631917
2506,0.46653274,0.3578491,2.392406
2507,2.095699,2.7372434,4.560458
2508,-0.26671308,1.3383553,1.8103135
2509,-0.480856,-0.39186135,-1.6134691
2510,1.0859377,0.99557877,2.1504986
2511,0.22815605,-0.39814502,0.50438154
2512,0.039451875,0.5652977,0.24713522
2513,1.6637921,2.1477315,5.2632375
2514,1.7811164,1.669485,3.904817
2515,-0.45851314,-0.102829516,-0.05286914
2516,-1.3206035,-2.090196,-5.4344835
2517,1.5579253,1.1532471,5.1604958
2518,-0.028801145,2.333377,2.7752137
2519,1.257109,1.8310912,4.784401
2520,0.08966998,0.4976115,-0.07910675
2521,0.6870484,2.2101705,4.011542
2522,-0.021461751,1.5901474,1.7921362
2523,0.3360739,0.34973347,0.61227524
2524,2.4058163,1.6462231,5.4742336
2525,-0.36833927,0.43547788,1.6344457
2526,1.3633263,1.3100744,4.4215326
2527,-1.0463221,-0.8402477,-2.1027489
2528,-0.7887565,-0.3808783,-2.4041057
2529,0.90847117,1.3776515,2.9345298
2530,1.116502,0.8499772,2.88244
2531,-0.14432123,-1.9978448,-1.9609504
2532,-0.20673966,-1.1440117,-1.4500828
2533,-0.2560862,1.4977633,1.5222603
2534,-0.4104925,-0.9346949,-1.684964
2535,0.643393,0.5850807,2.124735
2536,1.8491069,2.2258449,4.505065
2537,-0.77164716,0.10160494,-1.1628448
2538,-0.2946107,-1.0392072,-1.2871194
2539,0.047922377,0.40012884,-0.268368
2540,-0.562901,1.7260242,0.0023919344
2541,0.62002075,0.3904146,2.2852206
2542,-0.7234347,-2.0847292,-3.2555354
2543,2.02596,2.7288308,6.5779147
2544,0.6745337,-0.17896616,-0.017875075
2545,-0.40503535,0.30491295,1.1349434
2546,-0.273155,-0.53232336,1.5404644
2547,0.23551,-0.25558978,3.833203
2548,0.0114326235,-1.5635295,-1.7253025
2549,-0.26063526,-0.73043597,-0.4549148
2550,-0.16800196,-1.3088223,0.9616425
2551,-0.15260974,1.8995546,4.86755
2552,0.20161799,-0.7444215,-0.45509362
2553,-0.3885775,-0.73487186,-1.3745477
2554,1.00363,0.49602842,1.284502
2555,0.9094644,1.2266622,2.345222
2556,0.2679678,0.04272698,-1.9882088
2557,-1.2313254,-1.9748133,-1.4093927
2558,0.41416106,1.2669522,3.3547864
2559,0.53087467,0.20766762,2.095428
2560,-0.6041976,-0.7512719,-2.8975399
2561,0.48673368,0.8013476,0.5087619
2562,-0.33459252,-0.2868957,-0.4748732
2563,-1.1029779,-0.548116,-1.5953782
2564,1.6491846,3.2761579,4.7487593
2565,0.19288543,0.5870527,1.1585634
2566,-0.039718177,-1.379237,-2.5341177
2567,0.7542989,-0.53289425,2.0704088
2568,1.6008677,3.6987095,7.2482195
2569,0.22255264,2.1552758,2.4728897
2570,-0.5725782,-0.09020865,-2.2013285
2571,-1.696305,-2.1420681,-4.353801
2572,-0.26121616,-0.7805564,-1.5893397
2573,0.90667224,2.620297,4.29832
2574,0.74291,1.8378296,2.1882896
2575,-0.5054139,0.45877045,-1.1791425
2576,0.07992443,0.019755915,1.3489606
2577,1.9033448,1.3545809,5.2459164
2578,-1.732204,-2.957131,-5.325312
2579,-1.4045422,-1.2522839,-3.3870459
2580,-0.88682926,0.10963124,-2.6189232
2581,-0.36803803,-0.029195398,0.734061
2582,1.1934898,1.3751347,2.096693
2583,1.352346,0.3278786,2.5881805
2584,0.6253258,0.104781866,0.22398806
2585,1.1502014,0.7429241,4.664174
2586,-0.85850805,-0.72316074,-2.0707736
2587,-2.4443603,-1.1227058,-5.021414
2588,-0.5550506,0.25835824,-0.54570687
2589,-0.08676184,-0.76181847,0.8863964
2590,-0.38897675,0.05934167,0.10800725
2591,1.0690688,1.6776237,4.2423263
2592,0.55715877,0.87189454,2.625576
2593,0.340921,-0.22044042,0.08786929
2594,0.15717673,-1.1480739,0.011904478
2595,-2.3973923,-2.3847094,-7.1654654
2596,0.84971005,-1.1605146,1.0372465
2597,-0.25798345,1.0211802,-0.0071504116
2598,-1.2922751,0.9436716,2.9655263
2599,2.2200193,2.9577744,6.637045
2600,0.6404159,1.9403253,2.898488
2601,0.26627454,-0.11922088,0.44387043
2602,0.40185106,0.7719841,2.022197
2603,-1.2804971,0.19739497,-0.9731807
2604,-0.93498755,-3.1652405,-5.3488026
2605,0.305124,-0.28842893,1.4523928
2606,-2.2169864,-3.0168574,-4.4833345
2607,1.302788,1.063806,3.8508666
2608,0.27170417,2.208295,3.4693887
2609,-0.9166573,-0.49960276,-1.6506218
2610,-0.5291355,0.68670946,-0.19279146
2611,-0.19147964,-1.8666794,-0.1346404
2612,-1.5583876,-2.0089178,-4.1793733
2613,-0.4320488,-0.5565526,-2.0268269
2614,-0.8523572,-1.8263644,-1.9167486
2615,0.73425347,0.07384843,2.9041286
2616,0.3468946,0.28126043,1.3144604
2617,0.5502826,-0.019206047,0.6516928
2618,0.60844857,-0.097093284,-0.1909284
2619,0.106320016,1.3995816,3.933997
2620,-0.5601792,-1.0359328,-0.3298374
2621,-1.1496204,-0.94655156,-2.5565133
2622,0.5793839,0.83476543,0.98060477
2623,-0.48653534,-1.3309584,-1.7851136
2624,-0.2657837,-0.71889627,-0.9918111
2625,-0.8004987,-1.9917647,-3.2667098
2626,0.27682012,-1.4171884,-1.961926
2627,-1.2911898,-1.6686103,-2.499951
2628,0.078277,-1.1738491,-1.6084813
2629,2.2842975,2.361435,5.079831
2630,-1.7896289,-2.3546538,-3.8306923
2631,-0.31081226,-0.01123184,-0.4297275
2632,-2.2901478,-3.0630326,-5.810163
2633,0.9113666,1.5841079,3.5139482
2634,0.801315,1.8862207,3.7352796
2635,-1.2326025,-0.3223601,-1.843147
2636,-0.19973116,1.8448555,1.9954153
2637,0.537276,1.3352723,2.9730453
2638,0.6548008,1.6627276,2.8815928
2639,-0.012054049,-0.4030647,1.1938155
2640,1.4529891,0.5583425,4.41987
2641,-0.36902717,-1.5567892,-1.2718787
2642,-0.6447683,0.05440867,-1.1286099
2643,-1.4795083,-2.3278644,-3.4379969
2644,-0.31627202,0.34353876,0.7164135
2645,-0.13556853,-0.567888,0.44863546
2646,-0.7545923,-0.595808,-0.23810005
2647,2.1999054,1.3628578,5.050684
2648,-0.51477814,-0.47050726,-2.032772
2649,0.34847382,1.1050293,2.5489073
2650,-0.84292287,-1.8362794,-3.6454203
2651,-1.8400562,-2.768678,-3.6732202
2652,-0.25939456,1.58472,0.5305418
2653,1.4736369,1.9825895,6.0772667
2654,-1.1204253,0.35187376,-1.004168
2655,-1.2291582,-1.6901183,-1.6672788
2656,-0.30620185,1.6460825,1.5160269
2657,0.3712283,0.14427388,2.4176898
2658,1.9977534,1.7234645,1.3766294
2659,-1.9323858,-3.0423512,-4.465797
2660,0.38524458,-0.5545825,-1.0324504
2661,-1.0470104,0.44720304,2.4574537
2662,0.23033135,0.15807799,-0.105666935
2663,1.117552,0.684236,5.046882
2664,-0.3296197,0.083500415,-0.41014242
2665,0.7355997,2.0277078,4.711364
2666,-2.4268913,-4.2168255,-7.0842433
2667,0.82914954,0.3705474,2.0727186
2668,1.272327,1.1195195,1.3481156
2669,0.036865856,-1.2109764,-0.76214445
2670,0.09802479,0.6138142,-0.57078373
2671,0.009794735,-0.62268215,-1.4836085
2672,-0.94368184,-1.3052025,-1.8309102
2673,-0.73798716,-0.7875874,0.9039445
2674,-0.29561478,-0.76682115,-1.1671578
2675,-0.73891735,-0.29087582,0.7315732
2676,-0.29161027,-2.3814006,-1.4078304
2677,-2.0793645,-0.9375783,-2.3660922
2678,-0.2929453,-1.3954923,-1.0228832
2679,-1.1732994,-0.87625575,-2.6912684
2680,0.8358514,0.19405061,2.4717166
2681,1.1631438,1.0160278,3.0342665
2682,1.0655898,-0.7763895,1.2867321
2683,0.12207623,0.31116837,1.0731333
2684,0.026344715,-0.3761363,-1.1082985
2685,0.13941021,-0.9121805,0.35573113
2686,-0.32025215,-0.49421865,-0.48308027
2687,-1.7854751,-2.4802768,-3.954616
2688,1.0465568,0.2592575,1.2305481
2689,-0.47039247,0.005963683,1.7065324
2690,-0.16973451,-0.63517255,-1.0731707
2691,0.0930706,-0.15051267,-0.52159446
2692,-1.0109174,-0.95848656,-3.573237
2693,0.14814836,0.41727784,0.94333243
2694,-1.2125249,0.11495602,-2.5025015
2695,-0.28811994,-1.2194872,-1.6459056
2696,-0.07742025,1.0613219,2.292738
2697,0.0021225475,-0.115073174,1.8363161
2698,-1.5532676,-0.28394234,0.07735562
2699,0.23604584,0.062646344,1.9852183
2700,-0.99451363,-0.79817855,-2.8705935
2701,-0.035167944,-0.33672115,0.56272256
2702,0.9600266,0.34125102,0.64220226
2703,1.2112933,0.049862623,0.07703161
2704,1.2526679,2.7179794,2.9688985
2705,-0.04168959,-0.0107843075,-0.24129832
2706,-1.894748,-2.1097322,-3.7873907
2707,0.67560935,-0.7132641,-0.019123673
2708,-0.28760883,-0.8299607,-1.1291882
2709,-1.0605316,-1.4545438,-1.7540069
2710,-0.55027825,-1.0516121,-1.6759417
2711,0.3512703,1.3974283,3.4434705
2712,-0.47386283,-1.8355935,-2.471268
2713,0.71545994,0.7579201,1.8722017
2714,-0.8625097,0.46446717,-0.37276676
2715,0.9323134,-0.90580064,0.7958638
2716,0.4904541,0.57915986,0.74978197
2717,-1.8171499,-3.3680656,-4.5344977
2718,1.045335,-0.2870127,1.426764
2719,0.09033154,1.5917954,3.4861932
2720,0.19546635,-1.0951713,-0.9035844
2721,1.1920322,0.060627103,1.1457288
2722,-1.4050704,-1.0271919,-2.007802
2723,0.5877865,0.7445857,0.054922342
2724,0.8426878,0.82681483,2.0809054
2725,0.8587796,1.2116067,2.0228658
2726,0.2509033,0.9680212,1.7390082
2727,0.55195737,0.8404429,1.9224113
2728,-2.3488536,-3.1272974,-6.2736163
2729,-0.20201977,-0.35815787,0.4610427
2730,-1.0296469,-2.255182,-1.6208446
2731,-0.09376673,-1.0752038,-1.8381326
2732,1.2751076,-0.8443115,0.3444665
2733,-0.73991966,-0.16411823,0.4310453
2734,0.36415598,-1.5051928,-0.5982624
2735,-0.21076174,-0.9839278,0.115532875
2736,-0.11211216,0.25797543,0.22883874
2737,1.2277833,2.2146187,3.6677535
2738,1.7427121,2.2865858,4.4799714
2739,-1.3456665,-1.2514074,-2.7630043
2740,0.1659677,2.0161724,1.3946311
2741,-1.3639247,-3.2501562,-4.2433205
2742,-0.16854627,-0.45751822,-1.4419737
2743,0.4745287,1.0215185,1.6222572
2744,0.9142175,2.112478,4.629182
2745,0.032221016,-1.1433583,-0.39401567
2746,0.4591686,2.4823956,2.73563
2747,0.32734472,-0.85790306,2.0666258
2748,-0.38761,1.0721695,1.3606598
2749,-0.06562009,-1.478861,-2.2942753
2750,1.1240704,2.2337685,6.3415556
2751,-1.2176569,-0.4878198,-1.640921
2752,-1.2645291,0.7147802,1.3499407
2753,-1.9171826,-2.8413475,-6.0547104
2754,0.8751486,-0.5573217,-0.9216744
2755,0.5300743,0.5023741,1.4124863
2756,1.9388684,2.3979926,6.4213943
2757,-0.84361106,1.6198008,2.5634253
2758,1.3852901,0.6328927,1.5773417
2759,0.40287328,1.8092097,3.4133523
2760,1.7035794,1.3556118,4.107199
2761,0.5758741,1.3213867,1.7097117
2762,-0.45196888,-0.20999345,1.1487472
2763,1.1251643,0.9981872,3.5187037
2764,-0.56444806,-0.010077953,-0.60476327
2765,-0.3697457,-0.5628639,-2.7086134
2766,-1.1785816,-1.8086936,-2.3088214
2767,-0.5242614,-0.99629796,-2.7557917
2768,-0.9805716,-2.5622153,-4.7614794
2769,-0.21602337,0.8977819,2.335211
2770,0.13225605,1.3621284,3.0749438
2771,-0.60552907,2.1369116,0.14150763
2772,0.19658521,-0.08053473,0.62341475
2773,0.41740242,-0.61896753,0.47919032
2774,-0.3699668,-1.5862539,-4.128349
2775,0.8884854,1.8272113,3.231895
2776,-1.1465731,-0.6113665,0.17796195
2777,0.47390914,0.16474348,1.486782
2778,-0.2454638,0.12319733,0.401955
2779,-0.44362155,-0.36174005,0.47164923
2780,-0.055141892,-1.405599,-0.13448942
2781,-0.81152165,0.07914883,-2.0292766
2782,-0.45260274,-1.1334727,-1.7761707
2783,0.64076513,0.77620625,1.9064591
2784,-2.9924357,-4.4271193,-6.6476884
2785,-0.03642526,0.4712877,0.37849918
2786,-0.89602023,0.23728532,1.2862661
2787,-1.1465546,-1.9105783,-3.3711758
2788,-1.1844543,-1.2364424,-0.93824446
2789,-0.44862753,0.45206273,0.9788308
2790,2.0427153,1.5173106,6.0297947
2791,1.0180192,0.9221523,1.7648339
2792,-0.4898589,-1.3803288,-0.5318968
2793,0.75531995,0.40952492,1.4531646
2794,0.32815257,-0.27023432,2.9612885
2795,-1.2786704,-0.97535694,-1.8776394
2796,-1.2133641,-1.2842915,-2.9703944
2797,0.6812329,-0.62146616,1.3404155
2798,0.06655158,-1.1033889,-1.6050842
2799,-0.5518517,1.0271301,2.4613492
2800,-1.0073997,-1.9962783,-5.3000197
2801,-0.9885805,-1.652081,0.26381063
2802,1.8485179,2.0999844,3.9890544
2803,1.4445891,2.1127908,6.495282
2804,-0.17412817,0.5351836,0.89944136
2805,3.000269,4.2627296,7.8371086
2806,0.65269685,0.7469406,0.66395456
2807,0.77335286,1.6251969,3.4136136
2808,-1.210319,-2.5707731,-2.9892852
2809,-0.6410644,-1.7721319,-1.4352708
2810,-1.6844178,-0.7840902,-0.46730947
2811,-0.2483411,0.5764905,-0.41442966
2812,-0.28351095,0.1044893,1.4536357
2813,0.73060906,0.5532982,3.44905
2814,-0.4363775,-1.5107234,-2.2574403
2815,-0.86590993,-2.0748663,-2.269003
2816,-0.089275315,0.077600434,0.9762621
2817,0.061240688,0.36416465,2.650533
2818,0.37821466,0.7839016,3.5758743
2819,0.59271866,1.4363735,3.0613942
2820,0.09710455,-0.72283196,-1.1887754
2821,0.14518286,0.9188677,0.6298193
2822,0.88291115,1.1928594,3.1973767
2823,-0.043888178,-2.4866328,0.031653166
2824,1.0865484,1.1230005,3.8189294
2825,-0.548688,-2.456007,-3.1215353
2826,-1.9362881,-0.79901516,-1.3020796
2827,1.5543783,2.4393144,3.5082724
2828,0.6554518,0.081199884,2.4255114
2829,-0.8107647,-0.84860456,-0.042217374
2830,1.4187288,0.93554664,3.8696668
2831,0.90661955,0.29806536,2.416349
2832,-0.7942266,-0.89063656,-1.0395151
2833,-1.5941536,-0.6431416,-0.44756353
2834,-0.579071,-1.1553491,-0.3014599
2835,0.98548305,-1.2514054,0.6337553
2836,-0.5235409,-0.4668411,-1.2664438
2837,-0.41903934,-1.1054899,-0.52818185
2838,0.8241726,1.4548805,2.7952533
2839,-0.606408,0.35572308,0.049436867
2840,0.5315729,1.7131867,3.3318934
2841,-0.38034016,-2.868553,-3.6829557
2842,-1.0794836,-0.6509018,0.1254124
2843,-1.2035246,0.41273475,-1.6627924
2844,1.8215322,2.114128,4.9911036
2845,-1.138512,-0.9082549,-1.1549684
2846,-0.31761965,-0.20924303,-1.0223225
2847,0.011568294,-0.5596853,0.69463927
2848,0.7505703,1.3314607,4.9992113
2849,0.82641816,1.6558386,4.406159
2850,-0.20133516,1.153302,1.3015645
2851,-1.0397218,-2.067526,-3.0750608
2852,0.378586,-0.09543231,-0.47175923
2853,-2.187548,-2.7257085,-5.360572
2854,1.531844,1.2969028,4.9057555
2855,-0.15714331,1.1796714,1.516885
2856,-0.79280555,-1.6543093,-2.456609
2857,-1.2286278,-1.7686169,-1.8670689
2858,1.6578702,3.3025396,6.4062057
2859,1.2188402,-0.02624619,2.468309
2860,0.641203,2.4741125,4.6675763
2861,1.5562651,1.2101376,2.9494247
2862,-1.5563339,-2.92338,-4.263651
2863,-0.91932786,-0.0033112764,-2.8100257
2864,-0.41297257,1.2271656,0.51817274
2865,0.029516958,-0.26216406,0.18361127
2866,0.5890173,0.7537833,4.8328505
2867,0.37228978,0.6211127,1.4212867
2868,-0.012853735,-0.8031423,-1.4369733
2869,0.020915247,1.6213678,2.893918
2870,-1.1067944,-1.6678624,-2.4046764
2871,-2.0993376,-1.3082867,-4.536443
2872,0.8264085,1.3091779,3.680739
2873,-0.23852165,0.87970906,-0.04722917
2874,-0.30840284,-0.40244058,-2.0147562
2875,-0.3934132,-1.1695318,-0.93923014
2876,-0.5771632,0.4835354,0.7253091
2877,-0.31902128,-0.14848325,-0.04605946
2878,0.1908042,2.056747,4.161239
2879,-0.33381963,0.7551547,-0.49683803
2880,1.1827538,0.5166111,2.1862884
2881,-0.6030521,-0.4178061,-1.0881041
2882,0.19759275,1.7631876,2.1062126
2883,-1.5876898,-2.642915,-5.7272673
2884,-0.42293742,-1.4674026,-0.5247314
2885,0.32527733,1.0004025,4.4370265
2886,-0.24508074,-0.44343334,-0.1714871
2887,-0.5776098,-0.62218976,-0.72305375
2888,-0.17765786,-0.031369045,-0.9434148
2889,2.0595708,2.1926365,5.7105703
2890,-0.19761759,1.1889584,2.968414
2891,1.3564861,1.5063969,2.5382586
2892,-0.50164235,-1.5048485,-1.0991583
2893,-1.3077432,-1.4072127,-3.228454
2894,0.8489368,-0.17237079,3.2403307
2895,-1.099773,-0.3623529,-1.0460788
2896,0.29966947,0.8607223,2.1015813
2897,-0.7085759,-0.5101799,0.7154042
2898,-0.23585366,-0.3220858,-0.95214766
2899,-0.259559,-1.1505798,0.80751586
2900,-0.3208385,0.25388652,1.8549511
2901,0.40991414,-1.0951815,-1.9255555
2902,-0.50587267,-0.023021013,0.08663839
2903,-1.0769379,-1.1647811,-2.1376336
2904,0.29991797,1.5365266,3.6431105
2905,-1.1088116,-0.4446367,-1.3749363
2906,-0.7275144,0.36557484,-1.933489
2907,1.3547724,1.7930489,3.9241014
2908,-0.5715558,-1.2916704,-3.1824117
2909,-0.089234516,-0.23452413,-0.59403914
2910,1.6451943,1.7340453,5.0944386
2911,0.3048648,0.8863499,0.81858206
2912,-0.3994588,-2.0364997,-1.4663842
2913,0.0073112063,-0.54011565,-1.6649489
2914,-0.0123053705,-0.6756566,-0.17381296
2915,1.2462162,-0.5648265,2.1328113
2916,2.1349587,2.4336174,4.612752
2917,0.6559861,1.5820715,4.94815
2918,-0.840357,0.13780135,0.12432176
2919,-1.4898801,-1.6397215,-3.3004484
2920,-1.4325613,-0.67036366,-1.8767858
2921,-1.1909558,-0.8234116,-2.2846985
2922,-0.71845037,1.7300348,2.9420521
2923,0.32592762,0.8335294,2.7096589
2924,-0.08433707,0.8127409,0.008261442
2925,-0.48034286,-0.17276582,-1.6393044
2926,-0.81592166,-1.8828385,-1.4862038
2927,0.5810242,0.895473,1.2106404
2928,0.16063678,1.2903013,2.0161135
2929,-1.192863,-2.3105464,-4.432725
2930,-0.013559595,-1.0965385,-1.005338
2931,-0.0064056315,-0.6476862,0.7466749
2932,0.607744,0.41293195,1.787339
2933,-0.72683287,-0.37606597,-1.2814984
2934,-0.8703143,-0.4097387,-1.4886992
2935,-1.0461035,-0.5631367,-0.29034734
2936,0.979669,2.5230002,4.7349668
2937,-0.39989603,-0.7079413,0.35161865
2938,0.9372255,2.6476767,4.095155
2939,-0.7755515,-1.1628745,-0.9057028
2940,1.0284574,0.9461752,3.2158706
2941,-0.10795808,-0.6206642,-0.6630053
2942,-0.20653881,0.04895629,-0.11593038
2943,-1.2660462,-1.395872,-4.1591334
2944,-0.17048939,-1.4756308,-1.7508192
2945,-0.6183603,-0.3938585,-0.7368175
2946,0.9557174,1.5869503,3.7605019
2947,-0.65430963,-1.207231,0.26658356
2948,0.4720013,0.6079355,1.2231259
2949,-1.4494044,-3.0470395,-4.734626
2950,-0.63216084,-1.4152217,-0.6612145
2951,-0.47150415,-1.0471396,-3.0020385
2952,-0.5890232,0.8910305,2.275016
2953,0.08005003,1.7987211,2.9479196
2954,-0.9801952,-0.64131904,-1.720169
2955,0.17053804,-1.4527993,-1.4225099
2956,-0.5202339,-1.0628312,-0.9409829
2957,-0.7084311,0.83783436,1.127814
2958,-1.4414309,-2.6728132,-6.606867
2959,2.502406,2.9255083,6.8971896
2960,2.2519822,3.6298912,8.000831
2961,1.1816498,-0.27273393,1.5438508
2962,0.6704851,0.0600729,1.099847
2963,0.42599356,0.38111085,1.8012079
2964,1.1312191,2.066275,4.9511786
2965,0.8319424,0.51049095,1.2349212
2966,-0.57810026,-1.2708893,-1.5932635
2967,0.8665829,1.4496852,1.9954072
2968,-1.5838634,-2.90278,-5.756586
2969,0.0589653,0.6501431,1.128552
2970,0.76128817,0.69931656,1.5113287
2971,-0.6176629,-0.121760905,1.3409338
2972,0.11579451,-0.044628724,1.0312434
2973,0.13407244,1.599878,3.9921262
2974,1.1783779,1.9208512,4.705
2975,-0.9029617,-1.7199938,-3.169833
2976,-1.2427033,-1.6087925,-1.5633874
2977,-0.06513677,0.7947135,0.8699501
2978,0.5239644,-0.049510658,1.5006684
2979,0.64163095,1.2801435,4.2317452
2980,-0.59871,1.1017761,2.1257746
2981,-1.4349247,-1.2577579,-3.7827878
2982,0.871233,1.8420618,3.3428
2983,1.148799,0.74623686,1.136105
2984,1.0280594,0.58482885,2.9473817
2985,0.46658102,0.7976001,1.698935
2986,-0.015594132,-0.83932966,-0.029533982
2987,-0.9579147,-1.1442337,-1.9003705
2988,0.20847955,0.8858994,3.618309
2989,0.4474334,-1.3322637,0.1100882
2990,1.164934,2.466183,2.6711755
2991,1.4713758,1.831032,3.8230689
2992,1.2971578,-0.4051509,1.466022
2993,-0.12502989,0.11830114,1.4229158
2994,-0.4735887,-1.5625547,-2.3932166
2995,1.1108614,0.9756798,4.0931716
2996,-0.77629596,-1.5379908,-2.7454667
2997,1.4429064,0.95265293,2.222519
2998,-1.0552279,-1.6490912,-3.7088912
2999,1.5632328,2.2186055,5.9031897
3000,-0.3948503,-0.87857664,0.16489768
3001,-1.0656447,0.24227738,0.14817229
3002,1.0991116,1.0066537,3.4361937
3003,-0.37067437,-0.9337479,0.0736396
3004,-0.83748585,-2.3680768,-3.2629077
3005,-0.74090695,-1.7264283,-1.6176698
3006,1.0366877,0.18600816,0.87202096
3007,0.51484895,-0.094405115,1.4880067
3008,-0.056219585,0.2690533,2.6257904
3009,-0.7188438,-0.43918815,-0.6564396
3010,1.4933926,0.4434067,2.9250448
3011,0.76792043,0.86417806,4.1595345
3012,-0.90665364,-1.2139163,-2.119497
3013,-0.6891413,-1.1347634,-2.161297
3014,-2.4456596,-2.3186448,-5.9415455
3015,0.11738661,-0.9388211,-1.5405986
3016,-1.8493176,-1.627349,-2.8263824
3017,1.8439347,2.039377,5.8587813
3018,-0.83273774,-1.3424063,-1.6644123
3019,-0.2558571,-0.48921177,0.1344619
3020,0.7722637,1.644799,6.2265434
3021,-0.43052918,-0.13911146,0.16630805
3022,0.28506556,1.0655719,1.821066
3023,0.68203807,-1.2936724,-1.7199086
3024,-0.823642,-0.33276895,-0.4952566
3025,-0.28490853,-1.9073417,-2.5884066
3026,0.1436179,0.35118783,1.5743815
3027,-1.6398556,-1.3878322,-5.338007
3028,1.8688697,1.5243001,4.444139
3029,-1.5266138,-2.5125012,-3.9577703
3030,0.27748093,-0.13755298,-0.31357938
3031,-0.9497904,-2.0034788,-1.810643
3032,0.22401148,0.56883204,0.8442738
3033,-0.63530684,1.6477823,3.1110487
3034,-1.1988192,-2.1486664,-4.3619013
3035,1.0585335,0.10687661,0.5569747
3036,0.5166446,0.7784642,2.9495013
3037,0.12327087,-0.71345097,-1.113108
3038,0.067512326,1.1587168,0.42843056
3039,0.3711758,0.045452207,3.4996152
3040,-1.6731429,-1.8905346,-3.9509568
3041,1.5526652,0.68583244,5.2087183
3042,-1.5698249,-0.7999692,-1.6174909
3043,-2.0897875,-0.9658897,-4.096904
3044,-2.0228443,-2.2116897,-5.399471
3045,-0.8731141,0.10226327,-1.0932041
3046,-1.6781474,-0.969761,-4.4089174
3047,0.5875028,0.00475502,0.016563058
3048,0.36739457,0.8621669,2.3983088
3049,-1.9716934,-3.68806,-7.631662
3050,0.73835975,1.1089025,4.3399663
3051,0.15941675,-0.7956868,-0.55729735
3052,-0.69992405,-1.4207611,-2.131809
3053,1.0888332,1.014941,1.7036622
3054,-1.2143041,-1.5768569,-1.1666291
3055,0.7032275,2.8842063,6.9670873
3056,-0.7134726,-0.9186477,-3.165326
3057,-0.045857545,0.37838027,-0.05822599
3058,-0.7629982,-0.40804636,-2.6464214
3059,-0.68511647,0.5910118,0.26305556
3060,-1.5463353,-2.6019707,-4.390917
3061,-0.061288435,0.17421266,0.045380615
3062,0.18861641,0.7466185,2.7462413
3063,0.41197553,0.2935952,1.2349482
3064,0.42582148,0.60365677,0.79634655
3065,1.1666085,0.5946895,3.3015935
3066,1.0526018,1.7624152,2.7136643
3067,-2.4853048,-3.3188403,-6.632316
3068,-0.3750901,0.16134724,0.61024165
3069,0.9500454,1.4354074,0.86809087
3070,1.1673504,1.7944267,4.5719695
3071,-0.911728,0.46276927,-1.1366601
3072,-0.25910965,-3.4629788,-2.9479637
3073,2.0401847,3.1398873,5.735328
3074,-0.488741,1.867865,1.150987
3075,-0.30209303,0.05133328,-0.29736215
3076,0.29300848,0.5306647,2.037658
3077,0.562989,0.47203532,0.74943054
3078,0.36227307,-0.4245049,-0.81793404
3079,-0.3674245,0.42484993,0.44938624
3080,0.081397586,-0.2521248,0.0026319623
3081,-0.78853345,0.4326346,-0.9480778
3082,-0.4358254,-1.2940139,-2.0456061
3083,0.72135967,-0.22065228,1.0074122
3084,-1.4392295,-1.5321409,-3.8656824
3085,-0.11491359,-1.9723761,-0.5352377
3086,0.29937792,1.5801916,3.4230433
3087,-0.7194398,-0.4646581,1.0824379
3088,-0.04287963,0.5099033,0.65884054
3089,0.41864935,-0.07875574,0.39757925
3090,-0.8322162,-0.6129405,-1.7405286
3091,-0.35799003,0.56128204,0.26354867
3092,-1.4394258,-1.355479,-2.5482676
3093,-2.1168149,-2.1536653,-4.4343243
3094,-0.4219616,-0.63190156,1.3230705
3095,1.4739441,1.4626329,4.3676586
3096,-0.64013153,-0.7294903,-1.0578532
3097,0.7337145,1.7373555,2.8779216
3098,-1.0398223,-1.8507116,-1.6907501
3099,-1.289889,0.12588668,-0.052457213
3100,0.90196645,0.38239747,1.3159022
3101,0.5209709,0.224096,2.2261834
3102,0.65568256,1.0687497,3.3700652
3103,1.6274807,0.7617955,2.586741
3104,-0.44979134,1.411248,1.5522507
3105,-1.2685281,-2.4476175,-4.430897
3106,2.323332,3.034328,7.2450366
3107,-0.21469975,0.026075855,1.0367575
3108,-0.26492107,0.041138142,-1.4710708
3109,-0.0016353314,-0.47771016,0.7794134
3110,-0.022261268,-0.26394576,1.1736214
3111,-0.11846668,1.3312619,1.7890234
3112,1.1664733,1.8432746,5.30406
3113,-0.7933696,0.051347792,-0.8539162
3114,1.7183231,2.5021634,4.06441
3115,-0.50930357,-1.632714,-2.4272535
3116,-2.8597248,-3.7649875,-6.8277006
3117,-0.93255365,-1.3327359,-0.7974416
3118,1.9774821,1.9743494,4.719921
3119,0.34570667,0.36979103,0.6411273
3120,1.4183544,2.136163,4.551123
3121,0.8715755,1.8044331,1.3185501
3122,-1.3920813,-0.41880298,-1.02258
3123,-1.3144884,-1.5732374,-4.723777
3124,1.6684653,1.7439334,4.0303345
3125,-0.56004673,-1.0342684,-2.3574953
3126,-0.026617179,-0.8503297,-1.6110749
3127,-0.20470975,-2.314293,-5.175681
3128,0.7428722,2.0773087,4.608268
3129,1.7704383,2.9335063,6.604702
3130,-1.6310033,-1.3384386,-3.5489638
3131,0.2392668,-0.32091272,-0.5619036
3132,-0.26506498,-1.0924714,-1.9693599
3133,-0.091449976,-0.36687675,-1.0368872
3134,0.0057391156,-1.1146326,-2.0672717
3135,2.121206,3.800069,5.3216667
3136,0.3929423,1.5435432,1.0815663
3137,-1.5075442,-2.068902,-3.0365143
3138,-1.5309489,-1.7810507,-2.2479627
3139,-0.050234243,-0.3401999,0.32073972
3140,-1.3474748,-2.0074484,-1.6314559
3141,0.058864128,-1.4069908,0.07295236
3142,0.84879285,0.5119542,2.1926222
3143,-0.56894195,0.8709086,0.86792314
3144,0.6411443,0.111392975,1.3106042
3145,1.2452022,0.8202441,3.2003834
3146,-0.4163494,-2.297248,-2.78219
3147,2.0556223,2.9169867,5.7274647
3148,1.1973275,2.4096699,5.3258944
3149,-0.036177676,-1.0583308,-1.4939206
3150,1.2141621,1.9708338,4.6440673
3151,0.26287916,-1.1349751,-0.65690005
3152,-0.038874276,1.1183585,3.0588105
3153,-0.61147887,-2.536298,-3.9899774
3154,-1.457216,-1.2147492,-1.9112259
3155,-0.027746513,0.9113044,2.355987
3156,0.398485,0.7667464,2.5141642
3157,0.3710462,-0.22311157,0.22743285
3158,0.24154682,-0.74106336,-0.41817084
3159,-0.3393907,-1.4271681,-0.6461499
3160,-1.0316494,-1.7486794,-4.14168
3161,2.4320207,2.4997938,4.5255184
3162,1.3254908,2.6938882,4.5931273
3163,0.9102803,-0.62038773,0.74192184
3164,1.4870073,0.480505,2.829307
3165,0.23975417,0.5146985,-0.31511068
3166,-0.1980052,0.4270172,-1.1591507
3167,0.30718514,1.3522818,3.3860288
3168,-1.6084499,-0.60821795,-1.6435487
3169,0.64895,0.24344006,1.0004101
3170,0.96819985,1.4699091,1.5870554
3171,-0.005047203,0.16687994,0.1900843
3172,0.17177065,-0.83552426,-0.5412176
3173,-1.0748531,-1.3443731,-2.0301702
3174,1.3235189,1.3421161,3.005621
3175,0.1615849,-0.61496156,0.106933475
3176,0.32193744,-1.8505541,-0.80774677
3177,0.14428334,-0.54444987,-1.1531308
3178,-1.0643824,-0.40477592,-1.3305782
3179,0.19273382,2.3470626,2.005766
3180,-0.8351065,0.475307,-0.93102324
3181,-0.09404225,-1.4945942,-1.6307161
3182,-0.3733697,-1.810128,-2.6412508
3183,0.9373159,0.39900553,0.9301331
3184,-2.5825799,-1.9972925,-5.1536455
3185,-1.6408285,-1.5182037,-1.7036804
3186,1.0840639,0.23939335,1.4245338
3187,-1.9712657,-3.01223,-7.3398447
3188,-1.7660816,-1.706435,-2.6936753
3189,1.7421054,2.5213747,4.9657693
3190,-0.08645201,-1.1251293,-1.7539785
3191,-0.51475835,-1.2007408,-1.421679
3192,0.5938532,0.86077636,1.3743345
3193,-0.3281987,0.9970217,0.405252
3194,-0.37108183,1.1495525,0.82676774
3195,-2.442533,-1.2996111,-4.148282
3196,0.039479386,-0.8205744,-1.9128716
3197,-2.2017994,-2.8661146,-4.83134
3198,-2.1442516,-2.166114,-6.1773176
3199,-0.039518114,-0.37382436,-0.44286752
3200,0.6741789,0.29687774,0.41912758
3201,-0.32539973,-1.4994949,-2.6073148
3202,-0.25503436,0.609869,1.9700497
3203,0.905555,0.91606843,1.1833924
3204,-1.2219394,-0.4885946,-0.90326095
3205,-0.8058007,-0.9902909,-2.3670046
3206,-0.26905435,-2.230988,-2.659282
3207,0.6301036,1.6731209,2.896522
3208,1.4804754,2.0825338,3.2689176
3209,0.63803554,0.4234902,3.0013838
3210,-0.35390615,-0.33953714,-0.5016102
3211,0.28650486,-0.94371474,-0.82023585
3212,0.63559484,1.297446,2.380335
3213,-0.356338,-0.55886066,-1.3469464
3214,-0.34500176,-1.1000271,-1.1152036
3215,-1.3683527,-2.2203445,-3.1348047
3216,-0.6492294,-1.2770767,-2.0133085
3217,0.3192189,0.8864341,2.189466
3218,-1.7190306,-1.7687503,-4.040685
3219,1.6336105,0.2515453,2.3508053
3220,-0.97885656,0.7087518,-0.84962106
3221,0.40721288,0.129161,2.009809
3222,0.48613864,0.016211063,-1.6925375
3223,1.2931341,2.5543551,3.8943243
3224,0.31165266,1.7184182,3.3675113
3225,0.22232996,1.4614239,3.4874532
3226,-1.0830113,-0.99866176,-0.509693
3227,-1.271606,-0.29348856,1.0666556
3228,-1.978043,-2.685287,-4.5091815
3229,0.014305056,0.8377057,2.878141
3230,-1.2358838,-0.69288754,-1.4107016
3231,-0.34256876,0.7729573,-0.81316507
3232,-0.03191233,1.1121582,0.2202959
3233,1.2147194,-0.36633885,1.8782958
3234,0.0017364799,-0.4300181,1.021318
3235,0.5564763,1.3856337,3.5300043
3236,1.1053451,1.3494747,4.6454997
3237,-0.28850526,-1.1340752,1.3303585
3238,-1.854502,-2.0645125,-3.6156912
3239,0.27062595,1.2098064,2.0534258
3240,-0.74850315,-0.24405009,-2.2445264
3241,0.31248498,1.0274844,1.471246
3242,-0.33713785,-0.9373002,-0.69099736
3243,0.5699559,0.4592196,3.2771125
3244,-0.70496935,-1.0735906,-2.4119473
3245,-0.018057898,0.47082573,0.4256202
3246,-1.3176348,-2.2830749,-4.800012
3247,0.9210822,1.5675924,3.4198174
3248,-0.6285353,-1.2182527,-2.885822
3249,1.4974146,0.83857435,3.7850642
3250,-1.1892745,-2.690125,-3.1561723
3251,1.3583277,1.6562113,3.0490298
3252,0.5697594,0.9248017,2.1579027
3253,-1.091119,-1.8325385,-2.4632626
3254,-0.7429638,-2.7831903,-1.533955
3255,-0.051028907,0.52207375,1.0472438
3256,-1.2421046,-2.1557329,-4.2794538
3257,0.38190544,-1.1830542,0.013633192
3258,0.16785543,0.078995615,2.5585794
3259,-0.055402555,-0.9793139,-0.040230513
3260,-0.7546097,0.75693965,0.18400449
3261,0.101680115,0.29507455,2.0670154
3262,-2.5809731,-2.5888631,-5.630633
3263,0.530659,0.13793668,0.14554888
3264,-0.922812,-0.33186477,-1.0326133
3265,-0.10911741,-0.9869272,-2.418139
3266,0.6121308,0.9602262,3.627701
3267,0.06485903,-0.3812476,-0.90503573
3268,-0.04071971,-0.88668835,-1.0738927
3269,1.5100759,0.610046,3.691443
3270,-0.7135489,-2.872023,-4.4781814
3271,1.6541839,2.2642772,5.413565
3272,0.6942668,0.39423865,1.024082
3273,0.51249254,-0.05261123,1.3326252
3274,1.1089644,1.109437,4.4730673
3275,-0.22854385,-1.1212918,-1.2664778
3276,0.2792067,-0.17207924,1.538817
3277,0.023337126,0.85009426,2.5832555
3278,-0.60747355,-0.4748329,-1.8839533
3279,-1.3886454,-0.3153646,0.64439845
3280,0.16575867,0.09553641,-0.26459688
3281,0.40989336,0.7444289,1.6956482
3282,-0.6281534,-0.049122512,-0.83905166
3283,1.2606947,1.2816061,3.7016485
3284,0.7429915,0.41986912,1.8020934
3285,0.33434147,-2.6274314,-2.9544053
3286,-0.6486559,0.23258954,-1.3998506
3287,0.56865615,1.0495982,2.4381008
3288,0.3761808,1.0298179,0.25717986
3289,-0.5922712,0.010475755,1.415087
3290,1.4391291,0.9663124,2.3075926
3291,-1.0297743,-0.06545627,0.562974
3292,1.1677002,0.3417114,4.7308564
3293,-0.77242893,-2.2688034,-0.9572524
3294,0.2385664,0.4559316,-1.6149855
3295,-0.06581413,0.5419952,2.098245
3296,-0.64280194,0.46353632,0.49318904
3297,-0.6402385,-0.8612374,0.9003651
3298,0.9695615,0.6411581,1.465995
3299,1.1940411,0.9198339,2.5848112
3300,0.6402222,-0.16713017,0.48215562
3301,-0.5716206,-0.79949796,-0.046921045
3302,-1.0196899,-0.900131,-2.0896103
3303,0.037374187,-1.4942684,-2.1298285
3304,1.2721926,1.3698072,4.459322
3305,-0.07739328,1.3264494,3.38875
3306,0.041459452,0.6544759,3.6136582
3307,0.746478,2.0406828,4.6948795
3308,-0.92354923,-1.0217423,-0.80011475
3309,-0.59373003,-0.8856499,-1.5738972
3310,0.8298636,2.0133336,4.401127
3311,-0.49552676,-0.54400873,-2.2523632
3312,0.46363345,2.418371,2.626864
3313,0.77080095,-0.23148775,2.2262049
3314,0.5873135,1.0820277,1.591714
3315,-2.2225153,-2.9746177,-6.0068345
3316,-0.4306786,0.301261,2.6170475
3317,-0.83329576,-1.8038428,-3.231589
3318,0.662723,0.16944772,1.5185254
3319,-1.6961805,-2.4260726,-2.013663
3320,-0.2844032,-1.3472433,-1.6863132
3321,-0.48719302,-1.517491,-3.149979
3322,0.6132647,-0.8701472,-1.7085329
3323,-0.6887283,1.2834318,0.95690763
3324,0.04884709,-0.7974588,0.41773516
3325,-0.31557375,-0.57416,-0.42867166
3326,-1.0244569,-1.6063867,-2.7097175
3327,-0.41600075,-0.728511,-0.41369545
3328,0.71551126,0.42076105,1.9111251
3329,-0.42679653,-0.4034612,-0.55210596
3330,1.1551962,0.887533,2.1932817
3331,-0.1852209,-0.5546154,1.1778312
3332,-0.04899443,2.211416,3.6698685
3333,0.41353276,0.10795656,1.4280882
3334,-0.5693846,-0.5157541,-3.0787387
3335,-0.46143776,-0.3677156,-1.5445251
3336,-0.0405651,-0.7401604,-0.7301463
3337,-1.153486,-0.01818645,-1.6045015
3338,0.42899814,0.5549817,1.9545794
3339,0.65381503,-0.59575796,0.6263117
3340,-0.7791336,0.39528733,-1.031949
3341,-0.5866367,-1.2602537,-1.8001794
3342,0.40529466,1.4546261,2.5189002
3343,-0.03517183,0.88121474,2.644483
3344,0.013045738,-0.088256985,0.48644397
3345,-2.4115918,-2.46032,-5.6269407
3346,1.103663,1.2048178,3.030786
3347,0.009333645,0.58836174,0.2200416
3348,-0.93818486,0.10985243,-0.04779932
3349,0.73232085,0.0018106699,0.5277585
3350,-1.065405,-0.99265563,-1.6775264
3351,-0.7632917,-2.0399745,-1.5502052
3352,1.0661187,2.0979333,4.0222874
3353,2.4123948,-0.08039427,3.4018333
3354,-1.5862867,0.6908835,0.38287532
3355,0.29551256,0.70448923,2.6448746
3356,-0.91348135,-0.044851005,-1.0385852
3357,-1.3225936,-2.8697758,-3.0923944
3358,1.1149869,2.623408,3.8574717
3359,0.41643298,0.38830414,0.93019646
3360,1.4207402,0.67361563,2.4293633
3361,0.31783855,0.5071032,1.9974608
3362,0.20102002,0.043413818,0.6209192
3363,0.9320925,1.1005435,2.0497212
3364,1.977894,2.0122051,5.251705
3365,0.022946471,0.06877545,0.17169611
3366,-0.7322089,-1.6735523,-0.712973
3367,-2.5680654,-2.415672,-4.5139103
3368,0.20795433,1.0617689,3.5662353
3369,1.3079227,2.6124966,3.8519325
3370,-1.971074,-0.4224993,-1.4380331
3371,-1.6013744,0.24024236,1.8560134
3372,-0.6029521,-1.8718197,-1.8157578
3373,-0.9367756,0.77336067,-0.47964835
3374,-0.2660787,-0.82829607,-0.33132398
3375,-1.0963008,-1.8740764,-3.1275127
3376,-1.8667725,-1.9653445,-5.553545
3377,0.53441256,1.7516766,2.4966898
3378,0.65409964,-1.088609,-0.40942544
3379,-1.9857892,-3.0014424,-4.7287493
3380,-0.35100254,0.15385953,0.14620489
3381,1.6895803,1.3273549,3.4098783
3382,0.15102264,-0.10516268,-0.8974036
3383,0.028957045,-0.6479241,-0.9112895
3384,-1.3937882,0.1485821,-2.1664107
3385,0.1328502,-0.3668462,0.055653214
3386,0.3679365,-0.6125023,0.055826098
3387,-0.7238237,0.15727931,-0.57822853
3388,-0.21731032,-0.21987586,-0.95835567
3389,1.0094703,2.4207392,5.326628
3390,1.463158,2.0449011,4.906493
3391,1.5163789,1.5632384,4.865675
3392,0.2203245,-0.09088324,1.3455672
3393,1.1715196,1.5220612,5.66862
3394,-0.7351641,-0.6773344,-2.1379588
3395,-1.4980115,-2.1553288,-3.827927
3396,0.4778703,1.7004352,3.1086164
3397,-0.52149063,-0.56056374,-1.2035348
3398,0.012018637,0.727819,0.2805283
3399,0.92524105,0.82194984,2.3704474
3400,0.7813917,1.1606243,4.0518465
3401,-1.7391821,-2.0405731,-3.6629071
3402,0.8489827,0.40431276,1.1915088
3403,-0.876768,-1.5277005,-1.0773251
3404,-0.65295374,-0.8134493,0.2866677
3405,-0.33576262,-0.6079848,-0.6828925
3406,1.1964114,1.5205226,4.150695
3407,-0.62447524,-1.7284178,-3.7377856
3408,1.4328401,2.3997796,4.950583
3409,-1.0966388,-1.0387878,-1.6190971
3410,-0.8492627,0.25434268,-0.05137241
3411,0.01837843,1.1236103,1.8062685
3412,0.31038564,0.9503244,3.823018
3413,-0.27095902,-1.1718516,-2.9744716
3414,-0.8324833,-0.4852783,-1.4552791
3415,0.53428644,0.5860013,3.5358853
3416,0.037419043,-0.15919769,-0.03009659
3417,0.26992893,0.208057,1.4467081
3418,-0.5661989,0.99338895,0.8610302
3419,-0.0015884177,1.8367835,4.229953
3420,0.25727656,-0.80542314,-0.3807419
3421,0.9335578,0.8782217,2.220909
3422,-0.56066793,-1.6321344,-1.2517649
3423,0.68633837,0.17310059,1.8887551
3424,0.28097248,0.8833952,1.5877085
3425,-0.62540007,-0.38425192,-3.197445
3426,2.6688259,1.8576767,6.0771494
3427,0.8643257,-1.1985514,0.6096658
3428,0.6433698,-1.1702651,0.26169628
3429,0.42853725,0.58786833,1.2555485
3430,-0.61598986,-1.0759666,-0.46603727
3431,-0.0458731,-0.13324323,2.7767835
3432,-0.16691224,0.8151492,0.9474258
3433,-0.8143121,-3.3778067,-4.679881
3434,-0.23025078,-0.8960093,-2.3578353
3435,-1.0059994,-1.9917777,-0.94317436
3436,-0.1425243,-2.2314107,-1.9681177
3437,2.4136472,3.485723,5.7446785
3438,0.92552036,1.6028731,4.281739
3439,-0.36242193,-0.3249718,0.42813307
3440,-1.0818335,-0.92054677,-0.3955748
3441,-0.018220779,-0.40133166,0.77769125
3442,-1.2378486,-2.319552,-3.826081
3443,-0.04131216,1.677884,2.0761094
3444,1.1313058,0.14555722,0.4095559
3445,-0.60748,0.85281485,0.6708035
3446,0.83664066,0.6304599,2.7342365
3447,0.7677391,-0.07268548,1.773784
3448,0.58655494,0.39217502,0.35689515
3449,-1.9177142,-2.1423736,-2.9332395
3450,-1.3082775,-0.6892292,-0.59597194
3451,0.7071519,0.4154347,0.8138375
3452,-2.1120703,-0.90707254,-1.9709095
3453,-0.20803969,0.6647217,0.6638677
3454,-0.8044949,0.26421148,1.617411
3455,0.776087,-0.5649087,0.53354543
3456,-1.1525811,-0.22731745,-1.3309939
3457,-0.13653724,1.7021703,3.0503356
3458,0.16268212,0.68715286,1.8206843
3459,0.44959113,0.67679405,1.0715739
3460,0.48999953,-1.3367659,-1.8269727
3461,0.08014776,0.7849537,0.3556754
3462,1.1689886,2.5455136,5.614558
3463,-1.0987756,-1.3017873,-1.9344522
3464,-0.5812229,-0.91289055,-1.7568972
3465,-1.372569,-2.5060246,-5.7950783
3466,1.0410708,2.3668566,4.4680104
3467,0.53021634,0.38289165,0.18244922
3468,0.86298764,1.8971564,5.3838024
3469,0.15750468,-0.7542103,0.7041698
3470,0.13477649,0.7528971,3.2463367
3471,-0.07916739,-0.3606023,-1.3646134
3472,1.1326774,3.2040062,4.1244407
3473,-1.7763016,-2.65265,-3.8166652
3474,0.10986578,0.6745366,0.6087568
3475,-0.8511499,-2.043692,-2.882326
3476,1.2496802,0.024977922,3.1136084
3477,0.3452033,1.696617,3.280021
3478,0.4766952,-0.9303498,-0.53079313
3479,-0.61091554,-1.7304407,-3.098278
3480,0.18632978,-0.17987987,-0.2016988
3481,-1.2106341,-1.2590219,-2.4207144
3482,-0.080325074,-0.41800097,-1.1538191
3483,0.59745055,-0.32727784,1.4851229
3484,1.0259409,0.65047085,1.3383746
3485,0.09648341,1.2510345,1.4955437
3486,-0.6787668,-0.85462475,-1.7921034
3487,-0.8397493,-2.5325582,-2.332868
3488,-0.47494462,-1.265539,-1.7277968
3489,0.7893397,1.9350717,3.566014
3490,-0.3385321,-0.09511213,0.3962357
3491,0.41858706,2.4957821,4.5207977
3492,-0.34713593,0.09315583,2.7373133
3493,-1.4681817,-1.4603757,-4.310289
3494,0.5396736,0.5252928,1.2637455
3495,0.17074452,0.6617973,0.8899797
3496,0.27914986,-0.1484192,-0.83422375
3497,-1.0731704,-0.85498023,-2.91094
3498,0.29922387,-0.84431803,1.6536435
3499,0.9390063,0.9063675,1.5122389
3500,0.39292166,1.6630967,2.1707032
3501,0.97299224,0.65509605,1.595124
3502,0.23610637,1.42829,0.15826023
3503,0.42457074,1.6153979,1.7094879
3504,-0.8149647,-0.09214771,-1.0019006
3505,0.95477575,0.46939006,1.6969035
3506,-0.34124485,-0.6358359,0.38595188
3507,0.022230033,1.052634,3.6365333
3508,-0.062686875,0.011364922,-1.3281829
3509,2.1700761,3.2051454,8.061732
3510,-1.4139621,-3.0929642,-4.6546936
3511,1.0845437,-0.066272974,2.3188267
3512,1.0052313,0.032559037,2.7097704
3513,-0.20719974,1.2091103,2.3987432
3514,-0.18007872,-0.64158565,0.66061676
3515,0.34848714,0.38226163,3.59241
3516,-1.2008784,-1.8517604,-1.9746841
3517,1.3593681,0.90241146,3.1774297
3518,1.7890978,1.322303,4.766407
3519,-0.864752,-0.6158695,-2.5045953
3520,-0.8482479,-1.1669759,-1.9051349
3521,0.31547782,-0.96890914,-0.13670301
3522,1.4913635,0.8852374,2.694099
3523,-0.17735066,-0.58193386,1.2597014
3524,-0.8850622,-1.3830636,-2.3401942
3525,-2.372826,-2.2092671,-5.3461895
3526,0.477609,0.13557538,-0.7848039
3527,1.4325415,0.602781,2.8994303
3528,-1.930971,-3.5981307,-5.835055
3529,1.1678425,1.53148,4.0189605
3530,-1.1164632,-1.3180834,-2.8191512
3531,0.10675637,0.2906668,1.9482348
3532,0.807091,0.36761966,2.224342
3533,-0.050106484,-0.18315943,0.8300427
3534,-1.1113316,-1.4073868,-2.3684895
3535,-1.0687346,-0.64392847,-1.210677
3536,0.38559535,1.4027455,1.28423
3537,1.3256986,0.0084017515,2.179081
3538,0.8236356,1.6142163,3.4518259
3539,-0.42040175,-2.584957,-3.8484502
3540,-1.1544805,-0.5802981,-2.651866
3541,-0.4508099,-0.58324873,0.3852249
3542,1.4562564,2.8737297,6.015674
3543,0.5038125,0.46619415,0.8184933
3544,-1.3150594,-1.539033,-3.723803
3545,0.38094938,0.043337047,1.9922733
3546,0.1684564,-0.13886076,-0.544317
3547,-0.04683661,0.7816674,1.368756
3548,0.808177,1.6738015,2.4294052
3549,-0.4695325,1.5609567,0.99281573
3550,-1.7961448,-2.083777,-4.7641573
3551,-1.6617749,-2.6514544,-4.367028
3552,-0.21714756,-1.2644671,0.08129692
3553,-1.5626758,-0.84545594,-2.5370939
3554,1.5496968,1.5104316,2.4282227
3555,-0.18469444,-1.035072,0.8768101
3556,-1.1364343,-2.8371913,-4.8744774
3557,-1.468795,-1.8285862,-2.1860876
3558,0.35225764,-0.9326879,-0.102262855
3559,0.09078699,-0.32237595,1.0381742
3560,-1.1848695,-0.26862746,-0.43223798
3561,0.9820208,1.2412375,2.7903743
3562,-0.6716223,-0.442589,-2.574307
3563,-1.203739,-0.7480602,-2.5305088
3564,-0.9576835,-1.1548209,-1.4361092
3565,-0.3638675,-0.40806195,-0.8618288
3566,-2.0056615,-2.1040602,-4.6498566
3567,-0.42059666,0.5859534,2.3759012
3568,-1.5771037,-1.8204758,-1.365555
3569,-0.17975375,-0.80081725,-0.06363267
3570,0.62461954,1.6512196,1.2703071
3571,0.34601632,-0.13884464,1.6190971
3572,0.36432326,0.4918295,0.4526379
3573,-0.7798243,-0.04398918,-1.5490482
3574,-1.6314815,-0.46557796,-0.85707915
3575,0.046462536,0.75747234,1.9582307
3576,-0.48773482,-0.77655065,-1.2224599
3577,0.27181637,1.3857123,2.623555
3578,1.2174466,0.651241,0.8990327
3579,-2.3661294,-1.0173227,-2.6573734
3580,0.10343378,0.3944023,1.6242951
3581,0.24439429,-0.820294,1.4564562
3582,-0.09235861,2.4747264,3.752141
3583,-0.32835734,-0.23043644,-0.11199042
3584,1.6375678,2.884038,5.495834
3585,0.8423052,0.6010683,3.761951
3586,0.681398,1.4071007,3.7290306
3587,0.47158217,0.58522034,3.6001916
3588,-0.35629916,-0.26447064,1.6790931
3589,0.12961893,0.9769155,2.717176
3590,0.29538304,1.0440366,0.99662197
3591,-2.2937996,-2.1501062,-3.687069
3592,0.2763091,2.9677413,3.2394676
3593,0.43758875,0.814106,2.575801
3594,-1.2721943,-0.16050947,0.051837206
3595,0.79909503,0.32252717,1.2594352
3596,-0.1662599,-0.34251183,-1.0832622
3597,-0.006144164,-2.4036527,-2.60649
3598,0.3876314,-0.6054207,0.4159967
3599,2.0425444,1.2419609,4.159579
3600,-0.22172032,-2.237666,-0.98626864
3601,1.1908437,2.3457942,5.144429
3602,-0.90198106,0.4341796,-0.051391125
3603,-0.12036419,0.8364408,1.4591085
3604,-2.0719888,-2.9354763,-6.2452846
3605,1.1191587,0.6677236,2.9866443
3606,-0.30359274,-0.9924199,-1.6554395
3607,0.22830814,-0.0578762,1.7884542
3608,0.39246723,1.6645298,1.6788343
3609,-1.0809219,0.22039437,0.28274882
3610,0.68237936,1.3437192,1.8272066
3611,0.74139524,1.0894008,2.8440268
3612,-0.10837736,-0.08629677,-0.87014776
3613,-1.1762843,-1.9119383,-1.7435267
3614,-2.1399364,-0.28912568,-2.1617968
3615,-0.41707423,-0.50747734,-0.75273484
3616,1.6687946,2.6069093,5.9087253
3617,-0.21047729,-1.7141702,-1.8988475
3618,-0.8383922,0.12564754,1.2912805
3619,0.063663706,-1.5600387,-1.9020549
3620,0.3452709,-0.47285995,1.8941447
3621,-0.032576043,-1.306827,-1.0373311
3622,-0.46700034,0.64792526,-0.10602689
3623,-2.1814997,-3.5016603,-4.9591136
3624,-0.57075804,-0.7549315,-0.17073739
3625,0.11883458,1.0831083,2.7124279
3626,0.4597807,0.8040856,0.4862926
3627,0.06102963,-0.33867088,1.905384
3628,-1.103876,-1.1934099,-2.7306519
3629,-0.006635125,-0.30222213,-1.3068194
3630,1.5073035,1.832958,5.592833
3631,0.78137255,0.5772874,2.1389372
3632,0.7125716,-0.008638263,2.9685273
3633,-0.8611187,-0.28839278,-1.8458314
3634,-1.947038,-0.8374914,-1.8664854
3635,-1.3691257,-3.4335809,-4.62713
3636,1.0809298,0.49613655,1.4570826
3637,-2.0886114,-3.0101223,-5.693938
3638,0.3000102,-0.48169225,0.41648096
3639,0.6949251,0.386087,1.3094075
3640,0.4224315,-0.19897053,0.48897988
3641,-0.46046278,0.18494442,0.05280727
3642,0.7260763,-1.4104571,0.2261197
3643,0.031308576,1.1058851,-0.103952646
3644,-1.50558,-2.9972591,-3.3809063
3645,0.36308616,0.19772814,2.5401156
3646,-1.2108033,-1.1313024,-2.333302
3647,0.08769544,-0.6017876,0.48333424
3648,-0.6084376,-0.50034744,-0.5735538
3649,-0.26345035,-0.07390188,0.079909325
3650,1.1518704,1.9666269,3.6363888
3651,1.6201724,0.78510356,3.2672076
3652,0.92656964,2.316874,1.7974138
3653,1.5570701,2.1530104,6.311418
3654,1.9916623,2.7339106,5.3920293
3655,-1.7487484,-0.008464932,-2.6463249
3656,-0.8730638,-0.58297586,-0.43537295
3657,-0.03387301,0.18382728,0.48106575
3658,-0.35766637,-0.3529011,2.5415733
3659,0.84247255,-1.226893,-0.27429938
3660,0.26934978,-0.74321187,-0.110125005
3661,0.41607785,0.045929313,0.79543835
3662,-0.04743221,0.5914013,1.3474131
3663,0.4582989,0.08735916,1.4642714
3664,0.22559221,1.0629209,1.7812437
3665,0.5232084,-1.4231081,0.6293597
3666,0.22489128,-0.75336325,0.17611724
3667,-1.4125663,-2.2858992,-3.0529952
3668,-0.32708386,2.4774668,2.857036
3669,0.6106647,0.9204192,2.651477
3670,2.1232624,2.1639335,4.588234
3671,-0.8036737,-2.6055627,-1.937099
3672,-0.17196943,0.59628534,2.5816467
3673,0.55634826,-0.5082975,-1.3515583
3674,2.3226883,2.8130295,6.023244
3675,-0.42059338,0.8103186,2.8557758
3676,0.4075174,-0.5350908,1.4246043
3677,1.4352579,2.8238583,3.3825805
3678,-0.869974,-0.7430094,-1.5122066
3679,-1.751385,-1.3737088,-3.4042878
3680,1.3650197,2.9554772,5.8770313
3681,-0.8322573,-0.53299934,-0.8315804
3682,-0.50371295,-1.058095,-0.45085412
3683,1.0268452,-0.13099802,1.2688022
3684,-1.2870989,-2.7943954,-4.9116554
3685,-1.7493511,-2.1184862,-4.9173517
3686,0.69784784,-0.4839766,2.5749736
3687,2.2068152,2.443239,5.8885245
3688,0.7856011,1.6756887,3.2745752
3689,-0.2548189,1.0949539,1.9874641
3690,-0.9304859,-0.76848686,-2.106358
3691,0.044608276,1.4328083,1.966538
3692,0.40889123,1.2025344,2.4348657
3693,-0.59679836,0.073280096,-1.3748612
3694,-0.9057322,-2.4061403,-2.5851798
3695,-0.9208217,-1.398167,-2.733313
3696,1.526322,2.0685487,5.282398
3697,1.0267909,1.9058354,4.124179
3698,1.821416,2.179497,7.4757237
3699,-0.17694452,-1.7983453,-1.6399866
3700,-2.7885249,-2.5703723,-6.4371734
3701,0.5688648,1.5772251,4.7583914
3702,0.3111213,-0.60942614,2.6131282
3703,-1.6334908,-1.2700756,-2.8350763
3704,-0.52652824,0.84294283,1.3209417
3705,-1.388213,-0.3187791,-0.11092907
3706,-0.45448783,-2.8943913,-2.6775928
3707,0.45227748,1.0555592,2.8019965
3708,0.36725748,0.6606652,0.5945314
3709,-0.5839411,-1.2139239,-2.7074246
3710,-1.8637977,-2.403281,-3.7546604
3711,0.4903487,1.4394702,3.8821135
3712,-0.28055456,0.18453705,-0.47286046
3713,0.23487751,0.68557346,1.5283265
3714,1.4098225,0.52124023,3.464172
3715,-0.3573364,1.1897167,-0.3207636
3716,-1.4046968,-0.9658736,-2.1104922
3717,0.94324976,1.7699665,1.8908114
3718,-0.18252523,1.326071,1.9160907
3719,-0.7758494,0.07264966,-1.2862659
3720,1.4252596,1.4954762,3.8450031
3721,0.7291901,0.5408759,2.745849
3722,0.38350952,0.17974497,0.12370753
3723,0.5235144,0.69772613,0.9241208
3724,0.55889827,2.4306643,3.8226433
3725,2.0097234,2.1887174,5.3150306
3726,-0.010496235,-0.9804774,-2.6346624
3727,0.22928266,-1.1312771,-0.0378875
3728,-0.57515985,-1.6680973,-3.6043997
3729,0.7878476,1.0899686,3.5264428
3730,0.61356974,0.61081296,2.6567416
3731,-1.6110339,-1.9294397,-4.356007
3732,-0.26619232,0.9865935,2.0384414
3733,1.8713717,2.9874804,4.7218337
3734,-0.6716388,-0.5544396,-0.17620492
3735,-0.1574525,-1.8595359,-1.608058
3736,-0.47052893,-2.7919748,-2.5067134
3737,-0.48228917,-0.4543799,-1.5025985
3738,1.6823936,4.1328835,6.059165
3739,1.6569817,-0.33781826,1.4819112
3740,-0.70742875,-1.1359574,-0.94944215
3741,-0.4069819,-0.92799807,-0.53215516
3742,-0.4458205,-0.71252495,-0.6889836
3743,0.0135537665,0.39833236,1.6141708
3744,0.83345157,1.1465422,5.9826674
3745,-0.37682506,-0.11511588,-1.5922585
3746,1.6955165,0.9014582,5.4615955
3747,0.37178218,-0.20094597,0.013267517
3748,-0.107493125,0.013233013,0.3776123
3749,1.58527,1.0032921,4.684616
3750,-0.5836513,-0.28469712,-1.0302796
3751,-0.19998205,-1.6869663,-1.5082724
3752,0.75588375,-0.2284751,3.371985
3753,-0.5040804,1.2103337,2.3100994
3754,0.96802837,1.6824045,3.2481449
3755,0.9386818,1.3888317,0.626266
3756,-1.5583141,-1.519201,-3.145452
3757,0.99766105,1.4054466,3.9272614
3758,-0.10567891,-0.52644366,-0.66567177
3759,2.3161569,3.6955686,6.750552
3760,0.5466656,0.8106152,3.3224833
3761,-1.3850455,-0.9680115,-2.3343933
3762,1.6797651,-2.4189482,-0.9582068
3763,-3.8333125,-3.8336203,-6.5902224
3764,-1.0694332,-1.0737375,-1.7929845
3765,1.5651766,2.0859277,4.0283375
3766,0.17308633,-0.60135037,-0.50816673
3767,0.6187295,0.8707801,2.9644015
3768,1.5502996,2.831737,6.3629746
3769,0.06095239,0.53756493,1.8030643
3770,-0.6537094,-0.9786315,-2.4274862
3771,-0.57316375,-1.0263194,-1.9379706
3772,0.83911365,-1.4511819,-0.1094594
3773,2.2770464,1.1330252,4.5480494
3774,-1.1194229,0.23886442,0.3911742
3775,-1.1745398,0.024425626,0.08197963
3776,-1.4325829,-0.69643116,-2.5640583
3777,0.038155545,-0.94031024,-1.2887415
3778,-1.3084322,-0.59753704,-1.2828729
3779,-0.45691517,-1.6141171,-3.830137
3780,-0.92555726,-0.3282056,-2.894575
3781,0.29037282,0.6004634,2.9358795
3782,-0.07841114,1.8878894,3.065648
3783,-0.69028825,0.9831498,-1.1942307
3784,0.10443423,-0.20526749,0.067890786
3785,-0.16817349,0.44697797,0.23763527
3786,-1.7177526,0.6001328,-0.5009931
3787,-1.4087993,-2.503236,-2.0216632
3788,-0.974353,-3.0186388,-3.0602105
3789,-0.12695965,1.7438323,2.5840533
3790,1.766614,1.771574,3.2174177
3791,-0.27241284,-0.66020834,-1.7797387
3792,0.8603789,1.5792353,3.3152373
3793,-0.5058869,0.82088387,0.29918107
3794,1.3957669,2.5699134,5.1131873
3795,0.48223767,1.1218659,4.296927
3796,-0.20944875,0.3482067,2.192072
3797,0.9480498,1.4294417,5.1138787
3798,1.028327,0.15021944,3.7849023
3799,1.601738,1.0640364,3.899484
3800,-0.39227372,-1.1458607,-0.87479055
3801,-2.168883,-1.8059249,-2.7968063
3802,0.21017806,2.6360514,2.0165749
3803,-1.6428113,-2.8537197,-3.1103144
3804,-1.26026,-1.2698965,-2.6086133
3805,0.95096505,0.5864583,1.2558632
3806,-1.139985,-1.6151735,-1.9147676
3807,-0.9601045,-1.905309,-3.321382
3808,-0.61096954,-1.0355712,-4.3546343
3809,1.193164,0.35583133,0.10637343
3810,-1.100179,0.29370737,0.4683713
3811,1.1661872,0.72834337,1.9517545
3812,-1.1203555,-0.8884829,-0.6498668
3813,1.3423814,0.5157835,1.9194117
3814,1.0696579,3.1697145,4.7318306
3815,1.2849487,0.36097246,1.6744668
3816,0.20982493,-0.2925831,-1.7770525
3817,-1.0681139,-2.0093355,-4.286582
3818,1.4127539,0.9363424,2.8238392
3819,-1.6540778,-1.6788249,-2.7114973
3820,-0.39433026,0.39934933,-1.1047374
3821,0.10194745,-0.1669749,0.12864214
3822,-0.5421673,-0.8193891,-1.1565633
3823,-1.8783514,-1.9277285,-3.4841664
3824,-0.011610281,1.508818,2.768796
3825,1.9364136,-0.16488445,3.6450348
3826,0.9125745,1.9534681,3.9070654
3827,-0.10950219,-0.324068,0.40739024
3828,-1.8477535,-2.0438905,-3.382004
3829,-1.6676371,-1.9354789,-2.6551895
3830,-0.063524626,0.4031453,0.41697055
3831,2.1430902,0.9173558,4.1630855
3832,-0.83306783,-2.001642,-3.2067947
3833,0.48249775,1.0630968,4.3555746
3834,0.60104966,2.620444,6.46566
3835,0.6199711,1.1162083,3.475715
3836,-0.4257755,1.1150701,0.7896093
3837,0.71183616,0.25481588,2.2180996
3838,1.0052664,0.41605884,1.4284227
3839,-1.5091798,-0.9781204,-1.8791039
3840,1.3475736,1.1690125,3.5291543
3841,0.9326568,0.32590944,1.4745631
3842,-1.0247325,-1.0596104,-2.3691149
3843,0.73296446,0.32223395,1.1809793
3844,1.6386217,2.243397,4.3605385
3845,-0.85762674,-0.4323404,-0.20286143
3846,-0.39807045,-0.18899597,-0.4515128
3847,1.3275572,2.2531724,5.7753925
3848,0.93066174,2.7473562,4.667951
3849,-0.05786783,0.13205852,1.2732853
3850,-2.7150578,-3.5969408,-6.429974
3851,-1.0243311,-0.24801952,-0.13685572
3852,0.5837903,1.7693594,1.8619049
3853,-0.19893683,0.05628164,1.4896663
3854,-1.2319111,-0.89686775,-0.8903794
3855,-0.5830877,-0.5689267,-0.19418073
3856,0.2558344,-1.065542,0.65066963
3857,0.08657963,-0.771617,0.8327871
3858,-0.12855001,-0.8306299,0.37676275
3859,-0.3108985,-0.97278154,-2.1925325
3860,-0.20196761,2.2251198,4.6032743
3861,0.6220173,1.6130413,5.4835386
3862,-1.0604371,-2.146644,-3.1983387
3863,1.3963647,0.65091544,2.7202182
3864,-0.40270883,0.080449075,0.39677694
3865,-0.22645406,-0.48123747,-1.3616892
3866,1.3815058,4.282686,6.4490714
3867,1.4241818,1.9132389,4.929325
3868,-0.24484056,-0.07155861,-0.08957885
3869,-0.8808597,-1.0956621,-1.527272
3870,1.970977,2.1264384,2.9360557
3871,0.025632402,0.26797923,0.5093835
3872,-0.9245506,0.80445725,0.89241314
3873,0.5013378,0.16215193,2.2570264
3874,-0.8991065,0.47990048,0.93443245
3875,1.3597363,2.961024,5.3673387
3876,1.3279845,0.5151235,3.1276827
3877,-0.5858391,-1.2842152,0.81913877
3878,-0.3523907,0.6299636,1.2544463
3879,-0.016540596,0.07052793,1.144804
3880,0.59769565,-0.9118623,-0.45723253
3881,-1.4297355,-0.95145226,-2.1326306
3882,0.12836336,0.44420362,2.4884453
3883,0.66617393,0.60744977,3.2904856
3884,0.65418214,1.9514945,2.674467
3885,-1.3518506,-0.8725151,-2.900712
3886,-0.71780574,0.5265938,0.35689694
3887,1.0820961,2.2060237,4.5964174
3888,0.46498907,-0.5287043,1.6509277
3889,-1.3306525,-2.3725226,-3.140286
3890,-0.0119886035,0.6597069,2.4914298
3891,-1.8701726,-1.1895207,-3.0519147
3892,-1.8762089,-2.6385489,-4.468537
3893,0.6610829,-0.09486902,2.23915
3894,-0.3517361,-0.84452784,0.22951573
3895,-0.58302426,-1.2628603,-0.44867897
3896,-1.0118654,-0.7785201,-2.820425
3897,-0.10131053,0.3773135,-0.9503678
3898,-0.6753643,-0.77932787,-1.5761812
3899,1.1615988,1.5237606,6.051182
3900,-0.87306774,-0.8372595,-2.116809
3901,0.09600159,-1.5518475,-0.46655393
3902,0.82586664,4.318411,5.369765
3903,-0.5850765,-1.8289001,-2.7647843
3904,2.5200458,-0.017626047,2.5707524
3905,0.98810494,0.15109634,0.5426165
3906,0.43180525,0.4766639,0.84323865
3907,0.028535541,1.1002675,0.44689095
3908,-1.2370867,-0.25124508,-2.2307754
3909,-1.4693259,0.60433686,-0.84487987
3910,0.29809004,1.2331741,2.2902741
3911,-1.6119896,-2.6584864,-4.673742
3912,0.9662416,-0.3205763,1.8095338
3913,0.6810739,1.5323485,2.125493
3914,1.512283,1.9788733,2.5855846
3915,0.4955763,-2.5119169,-1.7242386
3916,-0.79862535,-1.1672376,-2.0075967
3917,0.5726629,-0.95899516,1.1548867
3918,0.4526284,0.5996264,0.13503784
3919,2.0871594,3.248159,4.973905
3920,-0.7625538,-0.8095424,-0.38494718
3921,0.66968876,-0.021392584,1.5515033
3922,-0.9903311,-1.515549,-2.119958
3923,1.2266792,1.4941941,4.890912
3924,-0.40285078,0.21995065,0.24667978
3925,0.22076875,-0.5806368,-1.767889
3926,-0.53953177,-2.5582414,-2.3662436
3927,0.8315605,-0.59787107,1.4487667
3928,-0.36679512,-0.7362129,0.8948841
3929,1.6845655,0.27034187,4.3993526
3930,-0.37570283,0.05587414,-0.3466889
3931,0.84192604,1.8699579,2.9550328
3932,-0.25886554,0.7949193,0.8147643
3933,1.049006,0.020856619,2.0602775
3934,-0.9363272,-0.96625745,-1.4728355
3935,-0.19097292,-1.3403052,-2.3119621
3936,0.21051902,-0.87984174,-0.98016703
3937,-2.3293812,-2.675785,-5.71254
3938,1.9186746,1.8099284,5.8098288
3939,-0.64148533,-1.7282131,-2.3676248
3940,-1.0836323,0.29112935,-0.307215
3941,1.2234617,2.176563,3.88897
3942,-0.25881517,-1.1286321,-2.3298588
3943,0.28242347,0.82602096,0.9423751
3944,-0.3330119,-1.6352978,-2.4523554
3945,0.5029425,0.94086576,4.1007357
3946,1.3823011,1.7716023,2.7219992
3947,1.2195966,1.7657093,4.331816
3948,-0.109239444,-0.5288785,-0.11014685
3949,1.16183,0.87938297,3.5024648
3950,0.022932127,-0.7977236,-0.9587674
3951,-2.690534,-1.4205734,-3.820897
3952,-1.8197023,-1.4774549,-4.1161046
3953,-0.97525406,0.28277016,-3.503368
3954,-1.9809319,-1.6296406,-2.2996178
3955,0.3091166,2.9504201,3.265369
3956,1.4505239,0.47896886,3.257374
3957,-0.13237014,0.26500615,0.40775073
3958,0.8757566,2.1013837,4.4872046
3959,0.6790386,-0.7296824,2.0245078
3960,0.3612627,0.38693905,2.6045175
3961,0.21369062,0.34331465,-1.7396332
3962,-0.8015604,-1.0177495,0.6106918
3963,-1.0902476,0.8198967,-0.88450104
3964,0.5333279,-0.9105453,0.68058276
3965,-0.10213773,-1.4647465,-1.7370664
3966,-2.1061413,-1.724772,-2.4277189
3967,0.16513707,-1.466926,-1.6674423
3968,-0.9275411,-0.36431468,0.0607841
3969,-0.16613933,0.70976937,2.326844
3970,-0.040784907,-1.2975861,-2.0773296
3971,0.41916215,1.8344424,5.7309923
3972,-0.4457548,0.49407318,2.8796988
3973,-0.8228658,-2.085408,-2.663663
3974,0.48986277,0.7709201,2.8489811
3975,-1.2644055,-1.536036,-3.436308
3976,0.46604636,0.17854527,2.347714
3977,-2.5227332,-0.9501015,-4.4002347
3978,-0.8750563,-0.33669055,-0.11988386
3979,-0.63571644,1.0665865,-0.52136177
3980,-0.7421099,-0.3608324,-0.016110063
3981,0.2790849,-0.4507387,0.40960604
3982,1.1188743,-0.11509359,1.4374824
3983,0.61716014,-0.03859818,-0.261379
3984,1.0281069,2.0989077,6.0138083
3985,-0.5071231,-0.77216053,-2.5856037
3986,1.0997399,0.11277294,1.9071916
3987,-0.23843555,-1.2577623,-2.845097
3988,-0.81162006,-2.2100658,-3.1418996
3989,1.0533762,2.0998673,4.737296
3990,2.7448368,1.2218944,4.9979177
3991,1.2847037,0.20642447,2.4277198
3992,-1.1135734,-2.768859,-4.614157
3993,0.43815148,1.3280163,3.7054706
3994,-1.264258,-3.3483806,-3.9788668
3995,-0.13607971,-0.4600277,-0.58660406
3996,-0.31943884,-0.4977667,-0.74462605
3997,-0.76951957,-0.41136175,-2.4170275
3998,1.2066683,-0.29499447,0.40802294
3999,0.62501335,-1.7574103,-1.9207392
